2025/04/30-07:52:08.447394 7fc155c26280 RocksDB version: 6.14.0
2025/04/30-07:52:08.447520 7fc155c26280 Git sha rocksdb_build_git_sha:@31b5689d16ceb9a767a7e591aecc19d2c8201995@
2025/04/30-07:52:08.447521 7fc155c26280 Compile date Apr 30 2025
2025/04/30-07:52:08.447553 7fc155c26280 DB SUMMARY
2025/04/30-07:52:08.447554 7fc155c26280 DB Session ID:  YXBV50W56ZO6JNINE0MB
2025/04/30-07:52:08.447572 7fc155c26280 SST files in /mnt/data/db/shard-0/sst_dir dir, Total Num: 0, files: 
2025/04/30-07:52:08.447573 7fc155c26280 Write Ahead Log file in /mnt/data/db/shard-0/db: 
2025/04/30-07:52:08.447575 7fc155c26280                         Options.error_if_exists: 0
2025/04/30-07:52:08.447575 7fc155c26280                       Options.create_if_missing: 1
2025/04/30-07:52:08.447576 7fc155c26280                         Options.paranoid_checks: 1
2025/04/30-07:52:08.447577 7fc155c26280                               Options.track_and_verify_wals_in_manifest: 0
2025/04/30-07:52:08.447578 7fc155c26280                                     Options.env: 0x5646fd305820
2025/04/30-07:52:08.447578 7fc155c26280                                      Options.fs: Posix File System
2025/04/30-07:52:08.447579 7fc155c26280                                Options.info_log: 0x56473d250ab0
2025/04/30-07:52:08.447580 7fc155c26280                Options.max_file_opening_threads: 16
2025/04/30-07:52:08.447580 7fc155c26280                              Options.statistics: 0x56473d24b110
2025/04/30-07:52:08.447581 7fc155c26280                               Options.use_fsync: 0
2025/04/30-07:52:08.447582 7fc155c26280                       Options.max_log_file_size: 0
2025/04/30-07:52:08.447583 7fc155c26280                  Options.max_manifest_file_size: 1073741824
2025/04/30-07:52:08.447583 7fc155c26280                   Options.log_file_time_to_roll: 0
2025/04/30-07:52:08.447584 7fc155c26280                       Options.keep_log_file_num: 1000
2025/04/30-07:52:08.447585 7fc155c26280                    Options.recycle_log_file_num: 0
2025/04/30-07:52:08.447585 7fc155c26280                         Options.allow_fallocate: 1
2025/04/30-07:52:08.447586 7fc155c26280                        Options.allow_mmap_reads: 0
2025/04/30-07:52:08.447587 7fc155c26280                       Options.allow_mmap_writes: 0
2025/04/30-07:52:08.447587 7fc155c26280                        Options.use_direct_reads: 1
2025/04/30-07:52:08.447588 7fc155c26280                        Options.use_direct_io_for_flush_and_compaction: 1
2025/04/30-07:52:08.447589 7fc155c26280          Options.create_missing_column_families: 1
2025/04/30-07:52:08.447589 7fc155c26280                              Options.db_log_dir: 
2025/04/30-07:52:08.447590 7fc155c26280                                 Options.wal_dir: /mnt/data/db/shard-0/db
2025/04/30-07:52:08.447591 7fc155c26280                Options.table_cache_numshardbits: 6
2025/04/30-07:52:08.447591 7fc155c26280                         Options.WAL_ttl_seconds: 0
2025/04/30-07:52:08.447592 7fc155c26280                       Options.WAL_size_limit_MB: 0
2025/04/30-07:52:08.447593 7fc155c26280                        Options.max_write_batch_group_size_bytes: 1048576
2025/04/30-07:52:08.447593 7fc155c26280             Options.manifest_preallocation_size: 4194304
2025/04/30-07:52:08.447594 7fc155c26280                     Options.is_fd_close_on_exec: 1
2025/04/30-07:52:08.447595 7fc155c26280                   Options.advise_random_on_open: 1
2025/04/30-07:52:08.447595 7fc155c26280                    Options.db_write_buffer_size: 0
2025/04/30-07:52:08.447596 7fc155c26280                    Options.write_buffer_manager: 0x56473d29b000
2025/04/30-07:52:08.447597 7fc155c26280         Options.access_hint_on_compaction_start: 1
2025/04/30-07:52:08.447597 7fc155c26280  Options.new_table_reader_for_compaction_inputs: 1
2025/04/30-07:52:08.447598 7fc155c26280           Options.random_access_max_buffer_size: 1048576
2025/04/30-07:52:08.447599 7fc155c26280                      Options.use_adaptive_mutex: 0
2025/04/30-07:52:08.447600 7fc155c26280                            Options.rate_limiter: (nil)
2025/04/30-07:52:08.447601 7fc155c26280     Options.sst_file_manager.rate_bytes_per_sec: 0
2025/04/30-07:52:08.447606 7fc155c26280                       Options.wal_recovery_mode: 2
2025/04/30-07:52:08.447607 7fc155c26280                  Options.enable_thread_tracking: 0
2025/04/30-07:52:08.447608 7fc155c26280                  Options.enable_pipelined_write: 0
2025/04/30-07:52:08.447608 7fc155c26280                  Options.unordered_write: 0
2025/04/30-07:52:08.447609 7fc155c26280         Options.allow_concurrent_memtable_write: 1
2025/04/30-07:52:08.447610 7fc155c26280      Options.enable_write_thread_adaptive_yield: 1
2025/04/30-07:52:08.447610 7fc155c26280             Options.write_thread_max_yield_usec: 100
2025/04/30-07:52:08.447611 7fc155c26280            Options.write_thread_slow_yield_usec: 3
2025/04/30-07:52:08.447612 7fc155c26280                               Options.row_cache: None
2025/04/30-07:52:08.447612 7fc155c26280                              Options.wal_filter: None
2025/04/30-07:52:08.447613 7fc155c26280             Options.avoid_flush_during_recovery: 0
2025/04/30-07:52:08.447614 7fc155c26280             Options.allow_ingest_behind: 0
2025/04/30-07:52:08.447614 7fc155c26280             Options.preserve_deletes: 0
2025/04/30-07:52:08.447615 7fc155c26280             Options.two_write_queues: 0
2025/04/30-07:52:08.447616 7fc155c26280             Options.manual_wal_flush: 0
2025/04/30-07:52:08.447616 7fc155c26280             Options.atomic_flush: 0
2025/04/30-07:52:08.447617 7fc155c26280             Options.avoid_unnecessary_blocking_io: 0
2025/04/30-07:52:08.447618 7fc155c26280                 Options.persist_stats_to_disk: 0
2025/04/30-07:52:08.447618 7fc155c26280                 Options.write_dbid_to_manifest: 0
2025/04/30-07:52:08.447619 7fc155c26280                 Options.log_readahead_size: 0
2025/04/30-07:52:08.447620 7fc155c26280                 Options.file_checksum_gen_factory: Unknown
2025/04/30-07:52:08.447620 7fc155c26280                 Options.best_efforts_recovery: 0
2025/04/30-07:52:08.447621 7fc155c26280                Options.max_bgerror_resume_count: 2147483647
2025/04/30-07:52:08.447622 7fc155c26280            Options.bgerror_resume_retry_interval: 1000000
2025/04/30-07:52:08.447622 7fc155c26280             Options.allow_data_in_errors: 0
2025/04/30-07:52:08.447623 7fc155c26280             Options.db_host_id: __hostname__
2025/04/30-07:52:08.447624 7fc155c26280             Options.max_background_jobs: 4
2025/04/30-07:52:08.447625 7fc155c26280             Options.max_background_compactions: 3
2025/04/30-07:52:08.447625 7fc155c26280             Options.max_subcompactions: 1
2025/04/30-07:52:08.447626 7fc155c26280             Options.avoid_flush_during_shutdown: 0
2025/04/30-07:52:08.447627 7fc155c26280           Options.writable_file_max_buffer_size: 1048576
2025/04/30-07:52:08.447627 7fc155c26280             Options.delayed_write_rate : 16777216
2025/04/30-07:52:08.447628 7fc155c26280             Options.max_total_wal_size: 0
2025/04/30-07:52:08.447629 7fc155c26280             Options.delete_obsolete_files_period_micros: 21600000000
2025/04/30-07:52:08.447629 7fc155c26280                   Options.stats_dump_period_sec: 60
2025/04/30-07:52:08.447630 7fc155c26280                 Options.stats_persist_period_sec: 600
2025/04/30-07:52:08.447631 7fc155c26280                 Options.stats_history_buffer_size: 1048576
2025/04/30-07:52:08.447631 7fc155c26280                          Options.max_open_files: -1
2025/04/30-07:52:08.447632 7fc155c26280                          Options.bytes_per_sync: 0
2025/04/30-07:52:08.447633 7fc155c26280                      Options.wal_bytes_per_sync: 0
2025/04/30-07:52:08.447633 7fc155c26280                   Options.strict_bytes_per_sync: 0
2025/04/30-07:52:08.447634 7fc155c26280       Options.compaction_readahead_size: 2097152
2025/04/30-07:52:08.447635 7fc155c26280                  Options.max_background_flushes: 1
2025/04/30-07:52:08.447636 7fc155c26280 Compression algorithms supported:
2025/04/30-07:52:08.447637 7fc155c26280 	kZSTDNotFinalCompression supported: 0
2025/04/30-07:52:08.447638 7fc155c26280 	kZSTD supported: 0
2025/04/30-07:52:08.447642 7fc155c26280 	kXpressCompression supported: 0
2025/04/30-07:52:08.447643 7fc155c26280 	kLZ4HCCompression supported: 0
2025/04/30-07:52:08.447643 7fc155c26280 	kLZ4Compression supported: 0
2025/04/30-07:52:08.447644 7fc155c26280 	kBZip2Compression supported: 0
2025/04/30-07:52:08.447645 7fc155c26280 	kZlibCompression supported: 0
2025/04/30-07:52:08.447646 7fc155c26280 	kSnappyCompression supported: 0
2025/04/30-07:52:08.447648 7fc155c26280 Fast CRC32 supported: Supported on x86
2025/04/30-07:52:08.447941 7fc155c26280 [/db_impl_open.cc:285] Creating manifest 1 
2025/04/30-07:52:08.448479 7fc155c26280 [_set.cc:4816] Recovering from manifest file: /mnt/data/db/shard-0/db/MANIFEST-000001
2025/04/30-07:52:08.448589 7fc155c26280 [family.cc:605] --------------- Options for column family [default]:
2025/04/30-07:52:08.448591 7fc155c26280               Options.comparator: leveldb.BytewiseComparator
2025/04/30-07:52:08.448592 7fc155c26280           Options.merge_operator: None
2025/04/30-07:52:08.448593 7fc155c26280        Options.compaction_filter: None
2025/04/30-07:52:08.448593 7fc155c26280        Options.compaction_filter_factory: None
2025/04/30-07:52:08.448594 7fc155c26280  Options.sst_partitioner_factory: None
2025/04/30-07:52:08.448595 7fc155c26280         Options.memtable_factory: SkipListFactory
2025/04/30-07:52:08.448596 7fc155c26280            Options.table_factory: BlockBasedTable
2025/04/30-07:52:08.448615 7fc155c26280            table_factory options:   flush_block_policy_factory: FlushBlockBySizePolicyFactory (0x56473d24bc00)
  cache_index_and_filter_blocks: 0
  cache_index_and_filter_blocks_with_high_priority: 1
  pin_l0_filter_and_index_blocks_in_cache: 0
  pin_top_level_index_and_filter: 1
  index_type: 0
  data_block_index_type: 0
  index_shortening: 1
  data_block_hash_table_util_ratio: 0.750000
  hash_index_allow_collision: 1
  checksum: 1
  no_block_cache: 0
  block_cache: 0x56473d24d460
  block_cache_name: LRUCache
  block_cache_options:
    capacity : 2147483648
    num_shard_bits : 6
    strict_capacity_limit : 0
    memory_allocator : None
    high_pri_pool_ratio: 0.000
  block_cache_compressed: (nil)
  persistent_cache: (nil)
  block_size: 4096
  block_size_deviation: 10
  block_restart_interval: 16
  index_block_restart_interval: 1
  metadata_block_size: 4096
  partition_filters: 0
  use_delta_encoding: 1
  filter_policy: rocksdb.BuiltinBloomFilter
  whole_key_filtering: 1
  verify_compression: 0
  read_amp_bytes_per_bit: 0
  format_version: 4
  enable_index_compression: 1
  block_align: 0
2025/04/30-07:52:08.448617 7fc155c26280        Options.write_buffer_size: 67108864
2025/04/30-07:52:08.448617 7fc155c26280  Options.max_write_buffer_number: 64
2025/04/30-07:52:08.448618 7fc155c26280        Options.compression[0]: NoCompression
2025/04/30-07:52:08.448619 7fc155c26280        Options.compression[1]: NoCompression
2025/04/30-07:52:08.448620 7fc155c26280        Options.compression[2]: NoCompression
2025/04/30-07:52:08.448621 7fc155c26280        Options.compression[3]: NoCompression
2025/04/30-07:52:08.448622 7fc155c26280        Options.compression[4]: NoCompression
2025/04/30-07:52:08.448622 7fc155c26280                  Options.bottommost_compression: Disabled
2025/04/30-07:52:08.448623 7fc155c26280       Options.prefix_extractor: nullptr
2025/04/30-07:52:08.448624 7fc155c26280   Options.memtable_insert_with_hint_prefix_extractor: nullptr
2025/04/30-07:52:08.448624 7fc155c26280             Options.num_levels: 5
2025/04/30-07:52:08.448625 7fc155c26280        Options.min_write_buffer_number_to_merge: 1
2025/04/30-07:52:08.448626 7fc155c26280     Options.max_write_buffer_number_to_maintain: 0
2025/04/30-07:52:08.448627 7fc155c26280     Options.max_write_buffer_size_to_maintain: 0
2025/04/30-07:52:08.448627 7fc155c26280            Options.bottommost_compression_opts.window_bits: -14
2025/04/30-07:52:08.448628 7fc155c26280                  Options.bottommost_compression_opts.level: 32767
2025/04/30-07:52:08.448629 7fc155c26280               Options.bottommost_compression_opts.strategy: 0
2025/04/30-07:52:08.448638 7fc155c26280         Options.bottommost_compression_opts.max_dict_bytes: 0
2025/04/30-07:52:08.448639 7fc155c26280         Options.bottommost_compression_opts.zstd_max_train_bytes: 0
2025/04/30-07:52:08.448640 7fc155c26280         Options.bottommost_compression_opts.parallel_threads: 1
2025/04/30-07:52:08.448641 7fc155c26280                  Options.bottommost_compression_opts.enabled: false
2025/04/30-07:52:08.448641 7fc155c26280            Options.compression_opts.window_bits: -14
2025/04/30-07:52:08.448642 7fc155c26280                  Options.compression_opts.level: 32767
2025/04/30-07:52:08.448643 7fc155c26280               Options.compression_opts.strategy: 0
2025/04/30-07:52:08.448643 7fc155c26280         Options.compression_opts.max_dict_bytes: 0
2025/04/30-07:52:08.448644 7fc155c26280         Options.compression_opts.zstd_max_train_bytes: 0
2025/04/30-07:52:08.448645 7fc155c26280         Options.compression_opts.parallel_threads: 1
2025/04/30-07:52:08.448645 7fc155c26280                  Options.compression_opts.enabled: false
2025/04/30-07:52:08.448646 7fc155c26280      Options.level0_file_num_compaction_trigger: 4
2025/04/30-07:52:08.448647 7fc155c26280          Options.level0_slowdown_writes_trigger: 20
2025/04/30-07:52:08.448647 7fc155c26280              Options.level0_stop_writes_trigger: 36
2025/04/30-07:52:08.448648 7fc155c26280                   Options.target_file_size_base: 67108864
2025/04/30-07:52:08.448649 7fc155c26280             Options.target_file_size_multiplier: 1
2025/04/30-07:52:08.448649 7fc155c26280                Options.max_bytes_for_level_base: 268435456
2025/04/30-07:52:08.448650 7fc155c26280 Options.level_compaction_dynamic_level_bytes: 0
2025/04/30-07:52:08.448651 7fc155c26280          Options.max_bytes_for_level_multiplier: 10.000000
2025/04/30-07:52:08.448653 7fc155c26280 Options.max_bytes_for_level_multiplier_addtl[0]: 1
2025/04/30-07:52:08.448653 7fc155c26280 Options.max_bytes_for_level_multiplier_addtl[1]: 1
2025/04/30-07:52:08.448654 7fc155c26280 Options.max_bytes_for_level_multiplier_addtl[2]: 1
2025/04/30-07:52:08.448655 7fc155c26280 Options.max_bytes_for_level_multiplier_addtl[3]: 1
2025/04/30-07:52:08.448655 7fc155c26280 Options.max_bytes_for_level_multiplier_addtl[4]: 1
2025/04/30-07:52:08.448656 7fc155c26280 Options.max_bytes_for_level_multiplier_addtl[5]: 1
2025/04/30-07:52:08.448657 7fc155c26280 Options.max_bytes_for_level_multiplier_addtl[6]: 1
2025/04/30-07:52:08.448657 7fc155c26280       Options.max_sequential_skip_in_iterations: 8
2025/04/30-07:52:08.448658 7fc155c26280                    Options.max_compaction_bytes: 1677721600
2025/04/30-07:52:08.448659 7fc155c26280                        Options.arena_block_size: 8388608
2025/04/30-07:52:08.448659 7fc155c26280   Options.soft_pending_compaction_bytes_limit: 68719476736
2025/04/30-07:52:08.448660 7fc155c26280   Options.hard_pending_compaction_bytes_limit: 274877906944
2025/04/30-07:52:08.448661 7fc155c26280       Options.rate_limit_delay_max_milliseconds: 100
2025/04/30-07:52:08.448662 7fc155c26280                Options.disable_auto_compactions: 0
2025/04/30-07:52:08.448663 7fc155c26280                        Options.compaction_style: kCompactionStyleLevel
2025/04/30-07:52:08.448664 7fc155c26280                          Options.compaction_pri: kMinOverlappingRatio
2025/04/30-07:52:08.448665 7fc155c26280 Options.compaction_options_universal.size_ratio: 1
2025/04/30-07:52:08.448666 7fc155c26280 Options.compaction_options_universal.min_merge_width: 2
2025/04/30-07:52:08.448666 7fc155c26280 Options.compaction_options_universal.max_merge_width: 4294967295
2025/04/30-07:52:08.448667 7fc155c26280 Options.compaction_options_universal.max_size_amplification_percent: 200
2025/04/30-07:52:08.448668 7fc155c26280 Options.compaction_options_universal.compression_size_percent: -1
2025/04/30-07:52:08.448669 7fc155c26280 Options.compaction_options_universal.stop_style: kCompactionStopStyleTotalSize
2025/04/30-07:52:08.448669 7fc155c26280 Options.compaction_options_fifo.max_table_files_size: 1073741824
2025/04/30-07:52:08.448673 7fc155c26280 Options.compaction_options_fifo.allow_compaction: 0
2025/04/30-07:52:08.448676 7fc155c26280                   Options.table_properties_collectors: 
2025/04/30-07:52:08.448677 7fc155c26280                   Options.inplace_update_support: 0
2025/04/30-07:52:08.448678 7fc155c26280                 Options.inplace_update_num_locks: 10000
2025/04/30-07:52:08.448679 7fc155c26280               Options.memtable_prefix_bloom_size_ratio: 0.000000
2025/04/30-07:52:08.448680 7fc155c26280               Options.memtable_whole_key_filtering: 0
2025/04/30-07:52:08.448680 7fc155c26280   Options.memtable_huge_page_size: 0
2025/04/30-07:52:08.448681 7fc155c26280                           Options.bloom_locality: 0
2025/04/30-07:52:08.448682 7fc155c26280                    Options.max_successive_merges: 0
2025/04/30-07:52:08.448682 7fc155c26280                Options.optimize_filters_for_hits: 0
2025/04/30-07:52:08.448683 7fc155c26280                Options.paranoid_file_checks: 0
2025/04/30-07:52:08.448684 7fc155c26280                Options.force_consistency_checks: 1
2025/04/30-07:52:08.448684 7fc155c26280                Options.report_bg_io_stats: 0
2025/04/30-07:52:08.448685 7fc155c26280                               Options.ttl: 2592000
2025/04/30-07:52:08.448686 7fc155c26280          Options.periodic_compaction_seconds: 0
2025/04/30-07:52:08.448686 7fc155c26280                    Options.enable_blob_files: false
2025/04/30-07:52:08.448687 7fc155c26280                        Options.min_blob_size: 0
2025/04/30-07:52:08.448688 7fc155c26280                       Options.blob_file_size: 268435456
2025/04/30-07:52:08.448688 7fc155c26280                Options.blob_compression_type: NoCompression
2025/04/30-07:52:08.454604 7fc155c26280 [_set.cc:4965] Recovered from manifest file:/mnt/data/db/shard-0/db/MANIFEST-000001 succeeded,manifest_file_number is 1, next_file_number is 3, last_sequence is 0, log_number is 0,prev_log_number is 0,max_column_family is 0,min_log_number_to_keep is 0
2025/04/30-07:52:08.454610 7fc155c26280 [_set.cc:4981] Column family [default] (ID 0), log number is 0
2025/04/30-07:52:08.456329 7fc155c26280 [/db_impl_open.cc:1732] SstFileManager instance 0x56473d29b170
2025/04/30-07:52:08.456343 7fc155c26280 DB pointer 0x56473d296590
2025/04/30-07:52:08.456686 7fc1177f6700 [/db_impl.cc:907] Load kCFStatsNoFileHistogram
2025/04/30-07:52:08.456760 7fc1177f6700 [/db_impl.cc:914] Load kCFFileHistogram
2025/04/30-07:52:08.456803 7fc1177f6700 [/db_impl.cc:921] Load kCFStats
2025/04/30-07:52:08.456845 7fc1177f6700 [/db_impl.cc:929] ------- DUMPING STATS -------
2025/04/30-07:52:08.456846 7fc1177f6700 [/db_impl.cc:931] 
** File Read Latency Histogram By Level [default] **
2025/04/30-07:52:08.473766 7fc1177f6700 [/db_impl.cc:705] STATISTICS:
 rocksdb.block.cache.miss COUNT : 0
rocksdb.block.cache.hit COUNT : 0
rocksdb.block.cache.add COUNT : 0
rocksdb.block.cache.add.failures COUNT : 0
rocksdb.block.cache.index.miss COUNT : 0
rocksdb.block.cache.index.hit COUNT : 0
rocksdb.block.cache.index.add COUNT : 0
rocksdb.block.cache.index.bytes.insert COUNT : 0
rocksdb.block.cache.index.bytes.evict COUNT : 0
rocksdb.block.cache.filter.miss COUNT : 0
rocksdb.block.cache.filter.hit COUNT : 0
rocksdb.block.cache.filter.add COUNT : 0
rocksdb.block.cache.filter.bytes.insert COUNT : 0
rocksdb.block.cache.filter.bytes.evict COUNT : 0
rocksdb.block.cache.data.miss COUNT : 0
rocksdb.block.cache.data.hit COUNT : 0
rocksdb.block.cache.data.add COUNT : 0
rocksdb.block.cache.data.bytes.insert COUNT : 0
rocksdb.block.cache.bytes.read COUNT : 0
rocksdb.block.cache.bytes.write COUNT : 0
rocksdb.bloom.filter.useful COUNT : 0
rocksdb.bloom.filter.full.positive COUNT : 0
rocksdb.bloom.filter.full.true.positive COUNT : 0
rocksdb.bloom.filter.micros COUNT : 0
rocksdb.persistent.cache.hit COUNT : 0
rocksdb.persistent.cache.miss COUNT : 0
rocksdb.sim.block.cache.hit COUNT : 0
rocksdb.sim.block.cache.miss COUNT : 0
rocksdb.memtable.hit COUNT : 0
rocksdb.memtable.miss COUNT : 0
rocksdb.l0.hit COUNT : 0
rocksdb.l1.hit COUNT : 0
rocksdb.l2andup.hit COUNT : 0
rocksdb.compaction.key.drop.new COUNT : 0
rocksdb.compaction.key.drop.obsolete COUNT : 0
rocksdb.compaction.key.drop.range_del COUNT : 0
rocksdb.compaction.key.drop.user COUNT : 0
rocksdb.compaction.range_del.drop.obsolete COUNT : 0
rocksdb.compaction.optimized.del.drop.obsolete COUNT : 0
rocksdb.compaction.cancelled COUNT : 0
rocksdb.number.keys.written COUNT : 0
rocksdb.number.keys.read COUNT : 0
rocksdb.number.keys.updated COUNT : 0
rocksdb.bytes.written COUNT : 0
rocksdb.bytes.read COUNT : 0
rocksdb.number.db.seek COUNT : 0
rocksdb.number.db.next COUNT : 0
rocksdb.number.db.prev COUNT : 0
rocksdb.number.db.seek.found COUNT : 0
rocksdb.number.db.next.found COUNT : 0
rocksdb.number.db.prev.found COUNT : 0
rocksdb.db.iter.bytes.read COUNT : 0
rocksdb.no.file.closes COUNT : 0
rocksdb.no.file.opens COUNT : 0
rocksdb.no.file.errors COUNT : 0
rocksdb.l0.slowdown.micros COUNT : 0
rocksdb.memtable.compaction.micros COUNT : 0
rocksdb.l0.num.files.stall.micros COUNT : 0
rocksdb.stall.micros COUNT : 0
rocksdb.db.mutex.wait.micros COUNT : 0
rocksdb.rate.limit.delay.millis COUNT : 0
rocksdb.num.iterators COUNT : 0
rocksdb.number.multiget.get COUNT : 0
rocksdb.number.multiget.keys.read COUNT : 0
rocksdb.number.multiget.bytes.read COUNT : 0
rocksdb.number.deletes.filtered COUNT : 0
rocksdb.number.merge.failures COUNT : 0
rocksdb.bloom.filter.prefix.checked COUNT : 0
rocksdb.bloom.filter.prefix.useful COUNT : 0
rocksdb.number.reseeks.iteration COUNT : 0
rocksdb.getupdatessince.calls COUNT : 0
rocksdb.block.cachecompressed.miss COUNT : 0
rocksdb.block.cachecompressed.hit COUNT : 0
rocksdb.block.cachecompressed.add COUNT : 0
rocksdb.block.cachecompressed.add.failures COUNT : 0
rocksdb.wal.synced COUNT : 0
rocksdb.wal.bytes COUNT : 0
rocksdb.write.self COUNT : 0
rocksdb.write.other COUNT : 0
rocksdb.write.timeout COUNT : 0
rocksdb.write.wal COUNT : 0
rocksdb.compact.read.bytes COUNT : 0
rocksdb.compact.write.bytes COUNT : 0
rocksdb.flush.write.bytes COUNT : 0
rocksdb.compact.read.marked.bytes COUNT : 0
rocksdb.compact.read.periodic.bytes COUNT : 0
rocksdb.compact.read.ttl.bytes COUNT : 0
rocksdb.compact.write.marked.bytes COUNT : 0
rocksdb.compact.write.periodic.bytes COUNT : 0
rocksdb.compact.write.ttl.bytes COUNT : 0
rocksdb.number.direct.load.table.properties COUNT : 0
rocksdb.number.superversion_acquires COUNT : 0
rocksdb.number.superversion_releases COUNT : 0
rocksdb.number.superversion_cleanups COUNT : 0
rocksdb.number.block.compressed COUNT : 0
rocksdb.number.block.decompressed COUNT : 0
rocksdb.number.block.not_compressed COUNT : 0
rocksdb.merge.operation.time.nanos COUNT : 0
rocksdb.filter.operation.time.nanos COUNT : 0
rocksdb.row.cache.hit COUNT : 0
rocksdb.row.cache.miss COUNT : 0
rocksdb.read.amp.estimate.useful.bytes COUNT : 0
rocksdb.read.amp.total.read.bytes COUNT : 0
rocksdb.number.rate_limiter.drains COUNT : 0
rocksdb.number.iter.skip COUNT : 0
rocksdb.blobdb.num.put COUNT : 0
rocksdb.blobdb.num.write COUNT : 0
rocksdb.blobdb.num.get COUNT : 0
rocksdb.blobdb.num.multiget COUNT : 0
rocksdb.blobdb.num.seek COUNT : 0
rocksdb.blobdb.num.next COUNT : 0
rocksdb.blobdb.num.prev COUNT : 0
rocksdb.blobdb.num.keys.written COUNT : 0
rocksdb.blobdb.num.keys.read COUNT : 0
rocksdb.blobdb.bytes.written COUNT : 0
rocksdb.blobdb.bytes.read COUNT : 0
rocksdb.blobdb.write.inlined COUNT : 0
rocksdb.blobdb.write.inlined.ttl COUNT : 0
rocksdb.blobdb.write.blob COUNT : 0
rocksdb.blobdb.write.blob.ttl COUNT : 0
rocksdb.blobdb.blob.file.bytes.written COUNT : 0
rocksdb.blobdb.blob.file.bytes.read COUNT : 0
rocksdb.blobdb.blob.file.synced COUNT : 0
rocksdb.blobdb.blob.index.expired.count COUNT : 0
rocksdb.blobdb.blob.index.expired.size COUNT : 0
rocksdb.blobdb.blob.index.evicted.count COUNT : 0
rocksdb.blobdb.blob.index.evicted.size COUNT : 0
rocksdb.blobdb.gc.num.files COUNT : 0
rocksdb.blobdb.gc.num.new.files COUNT : 0
rocksdb.blobdb.gc.failures COUNT : 0
rocksdb.blobdb.gc.num.keys.overwritten COUNT : 0
rocksdb.blobdb.gc.num.keys.expired COUNT : 0
rocksdb.blobdb.gc.num.keys.relocated COUNT : 0
rocksdb.blobdb.gc.bytes.overwritten COUNT : 0
rocksdb.blobdb.gc.bytes.expired COUNT : 0
rocksdb.blobdb.gc.bytes.relocated COUNT : 0
rocksdb.blobdb.fifo.num.files.evicted COUNT : 0
rocksdb.blobdb.fifo.num.keys.evicted COUNT : 0
rocksdb.blobdb.fifo.bytes.evicted COUNT : 0
rocksdb.txn.overhead.mutex.prepare COUNT : 0
rocksdb.txn.overhead.mutex.old.commit.map COUNT : 0
rocksdb.txn.overhead.duplicate.key COUNT : 0
rocksdb.txn.overhead.mutex.snapshot COUNT : 0
rocksdb.txn.get.tryagain COUNT : 0
rocksdb.number.multiget.keys.found COUNT : 0
rocksdb.num.iterator.created COUNT : 0
rocksdb.num.iterator.deleted COUNT : 0
rocksdb.block.cache.compression.dict.miss COUNT : 0
rocksdb.block.cache.compression.dict.hit COUNT : 0
rocksdb.block.cache.compression.dict.add COUNT : 0
rocksdb.block.cache.compression.dict.bytes.insert COUNT : 0
rocksdb.block.cache.compression.dict.bytes.evict COUNT : 0
rocksdb.block.cache.add.redundant COUNT : 0
rocksdb.block.cache.index.add.redundant COUNT : 0
rocksdb.block.cache.filter.add.redundant COUNT : 0
rocksdb.block.cache.data.add.redundant COUNT : 0
rocksdb.block.cache.compression.dict.add.redundant COUNT : 0
rocksdb.files.marked.trash COUNT : 0
rocksdb.files.deleted.immediately COUNT : 0
rocksdb.files.touched COUNT : 0
rocksdb.db.get.micros P50 : 0.000000 P95 : 0.000000 P99 : 0.000000 P100 : 0.000000 COUNT : 0 SUM : 0
rocksdb.db.write.micros P50 : 0.000000 P95 : 0.000000 P99 : 0.000000 P100 : 0.000000 COUNT : 0 SUM : 0
rocksdb.compaction.times.micros P50 : 0.000000 P95 : 0.000000 P99 : 0.000000 P100 : 0.000000 COUNT : 0 SUM : 0
rocksdb.compaction.times.cpu_micros P50 : 0.000000 P95 : 0.000000 P99 : 0.000000 P100 : 0.000000 COUNT : 0 SUM : 0
rocksdb.subcompaction.setup.times.micros P50 : 0.000000 P95 : 0.000000 P99 : 0.000000 P100 : 0.000000 COUNT : 0 SUM : 0
rocksdb.table.sync.micros P50 : 0.000000 P95 : 0.000000 P99 : 0.000000 P100 : 0.000000 COUNT : 0 SUM : 0
rocksdb.compaction.outfile.sync.micros P50 : 0.000000 P95 : 0.000000 P99 : 0.000000 P100 : 0.000000 COUNT : 0 SUM : 0
rocksdb.wal.file.sync.micros P50 : 0.000000 P95 : 0.000000 P99 : 0.000000 P100 : 0.000000 COUNT : 0 SUM : 0
rocksdb.manifest.file.sync.micros P50 : 83.000000 P95 : 83.000000 P99 : 83.000000 P100 : 83.000000 COUNT : 1 SUM : 83
rocksdb.table.open.io.micros P50 : 0.000000 P95 : 0.000000 P99 : 0.000000 P100 : 0.000000 COUNT : 0 SUM : 0
rocksdb.db.multiget.micros P50 : 0.000000 P95 : 0.000000 P99 : 0.000000 P100 : 0.000000 COUNT : 0 SUM : 0
rocksdb.read.block.compaction.micros P50 : 0.000000 P95 : 0.000000 P99 : 0.000000 P100 : 0.000000 COUNT : 0 SUM : 0
rocksdb.read.block.get.micros P50 : 0.000000 P95 : 0.000000 P99 : 0.000000 P100 : 0.000000 COUNT : 0 SUM : 0
rocksdb.write.raw.block.micros P50 : 0.000000 P95 : 0.000000 P99 : 0.000000 P100 : 0.000000 COUNT : 0 SUM : 0
rocksdb.l0.slowdown.count P50 : 0.000000 P95 : 0.000000 P99 : 0.000000 P100 : 0.000000 COUNT : 0 SUM : 0
rocksdb.memtable.compaction.count P50 : 0.000000 P95 : 0.000000 P99 : 0.000000 P100 : 0.000000 COUNT : 0 SUM : 0
rocksdb.num.files.stall.count P50 : 0.000000 P95 : 0.000000 P99 : 0.000000 P100 : 0.000000 COUNT : 0 SUM : 0
rocksdb.hard.rate.limit.delay.count P50 : 0.000000 P95 : 0.000000 P99 : 0.000000 P100 : 0.000000 COUNT : 0 SUM : 0
rocksdb.soft.rate.limit.delay.count P50 : 0.000000 P95 : 0.000000 P99 : 0.000000 P100 : 0.000000 COUNT : 0 SUM : 0
rocksdb.numfiles.in.singlecompaction P50 : 0.000000 P95 : 0.000000 P99 : 0.000000 P100 : 0.000000 COUNT : 0 SUM : 0
rocksdb.db.seek.micros P50 : 0.000000 P95 : 0.000000 P99 : 0.000000 P100 : 0.000000 COUNT : 0 SUM : 0
rocksdb.db.write.stall P50 : 0.000000 P95 : 0.000000 P99 : 0.000000 P100 : 0.000000 COUNT : 0 SUM : 0
rocksdb.sst.read.micros P50 : 0.000000 P95 : 0.000000 P99 : 0.000000 P100 : 0.000000 COUNT : 0 SUM : 0
rocksdb.num.subcompactions.scheduled P50 : 0.000000 P95 : 0.000000 P99 : 0.000000 P100 : 0.000000 COUNT : 0 SUM : 0
rocksdb.bytes.per.read P50 : 0.000000 P95 : 0.000000 P99 : 0.000000 P100 : 0.000000 COUNT : 0 SUM : 0
rocksdb.bytes.per.write P50 : 0.000000 P95 : 0.000000 P99 : 0.000000 P100 : 0.000000 COUNT : 0 SUM : 0
rocksdb.bytes.per.multiget P50 : 0.000000 P95 : 0.000000 P99 : 0.000000 P100 : 0.000000 COUNT : 0 SUM : 0
rocksdb.bytes.compressed P50 : 0.000000 P95 : 0.000000 P99 : 0.000000 P100 : 0.000000 COUNT : 0 SUM : 0
rocksdb.bytes.decompressed P50 : 0.000000 P95 : 0.000000 P99 : 0.000000 P100 : 0.000000 COUNT : 0 SUM : 0
rocksdb.compression.times.nanos P50 : 0.000000 P95 : 0.000000 P99 : 0.000000 P100 : 0.000000 COUNT : 0 SUM : 0
rocksdb.decompression.times.nanos P50 : 0.000000 P95 : 0.000000 P99 : 0.000000 P100 : 0.000000 COUNT : 0 SUM : 0
rocksdb.read.num.merge_operands P50 : 0.000000 P95 : 0.000000 P99 : 0.000000 P100 : 0.000000 COUNT : 0 SUM : 0
rocksdb.blobdb.key.size P50 : 0.000000 P95 : 0.000000 P99 : 0.000000 P100 : 0.000000 COUNT : 0 SUM : 0
rocksdb.blobdb.value.size P50 : 0.000000 P95 : 0.000000 P99 : 0.000000 P100 : 0.000000 COUNT : 0 SUM : 0
rocksdb.blobdb.write.micros P50 : 0.000000 P95 : 0.000000 P99 : 0.000000 P100 : 0.000000 COUNT : 0 SUM : 0
rocksdb.blobdb.get.micros P50 : 0.000000 P95 : 0.000000 P99 : 0.000000 P100 : 0.000000 COUNT : 0 SUM : 0
rocksdb.blobdb.multiget.micros P50 : 0.000000 P95 : 0.000000 P99 : 0.000000 P100 : 0.000000 COUNT : 0 SUM : 0
rocksdb.blobdb.seek.micros P50 : 0.000000 P95 : 0.000000 P99 : 0.000000 P100 : 0.000000 COUNT : 0 SUM : 0
rocksdb.blobdb.next.micros P50 : 0.000000 P95 : 0.000000 P99 : 0.000000 P100 : 0.000000 COUNT : 0 SUM : 0
rocksdb.blobdb.prev.micros P50 : 0.000000 P95 : 0.000000 P99 : 0.000000 P100 : 0.000000 COUNT : 0 SUM : 0
rocksdb.blobdb.blob.file.write.micros P50 : 0.000000 P95 : 0.000000 P99 : 0.000000 P100 : 0.000000 COUNT : 0 SUM : 0
rocksdb.blobdb.blob.file.read.micros P50 : 0.000000 P95 : 0.000000 P99 : 0.000000 P100 : 0.000000 COUNT : 0 SUM : 0
rocksdb.blobdb.blob.file.sync.micros P50 : 0.000000 P95 : 0.000000 P99 : 0.000000 P100 : 0.000000 COUNT : 0 SUM : 0
rocksdb.blobdb.gc.micros P50 : 0.000000 P95 : 0.000000 P99 : 0.000000 P100 : 0.000000 COUNT : 0 SUM : 0
rocksdb.blobdb.compression.micros P50 : 0.000000 P95 : 0.000000 P99 : 0.000000 P100 : 0.000000 COUNT : 0 SUM : 0
rocksdb.blobdb.decompression.micros P50 : 0.000000 P95 : 0.000000 P99 : 0.000000 P100 : 0.000000 COUNT : 0 SUM : 0
rocksdb.db.flush.micros P50 : 0.000000 P95 : 0.000000 P99 : 0.000000 P100 : 0.000000 COUNT : 0 SUM : 0
rocksdb.sst.batch.size P50 : 0.000000 P95 : 0.000000 P99 : 0.000000 P100 : 0.000000 COUNT : 0 SUM : 0
rocksdb.num.index.and.filter.blocks.read.per.level P50 : 0.000000 P95 : 0.000000 P99 : 0.000000 P100 : 0.000000 COUNT : 0 SUM : 0
rocksdb.num.data.blocks.read.per.level P50 : 0.000000 P95 : 0.000000 P99 : 0.000000 P100 : 0.000000 COUNT : 0 SUM : 0
rocksdb.num.sst.read.per.level P50 : 0.000000 P95 : 0.000000 P99 : 0.000000 P100 : 0.000000 COUNT : 0 SUM : 0
2025/04/30-07:52:09.457953 7fc1177f6700 [/db_impl.cc:765] ------- PERSISTING STATS -------
2025/04/30-07:52:09.457959 7fc1177f6700 [/db_impl.cc:832] [Pre-GC] In-memory stats history size: 48 bytes, slice count: 0
2025/04/30-07:52:09.457960 7fc1177f6700 [/db_impl.cc:841] [Post-GC] In-memory stats history size: 48 bytes, slice count: 0
2025/04/30-07:52:13.449511 7fc12effd700 [/db_impl_write.cc:1770] [default] New memtable created with log file: #3. Immutable memtables: 0.
2025/04/30-07:52:13.449544 7fc12effd700 [/db_impl_write.cc:1865] [default] Old memtable #1 data_size 64115050 entries 54566 is replaced
2025/04/30-07:52:13.702617 7fc117ff7700 [_set.cc:4383] LogAndApply called
2025/04/30-07:52:13.704305 7fc117ff7700 [_set.cc:4118] Creating manifest 7
2025/04/30-07:52:15.117506 7fc12e7fc700 [/db_impl_write.cc:1770] [default] New memtable created with log file: #3. Immutable memtables: 0.
2025/04/30-07:52:15.117541 7fc12e7fc700 [/db_impl_write.cc:1865] [default] Old memtable #2 data_size 64126800 entries 54576 is replaced
2025/04/30-07:52:15.323986 7fc117ff7700 [_set.cc:4383] LogAndApply called
2025/04/30-07:52:16.695273 7fc118ff9700 [/db_impl_write.cc:1770] [default] New memtable created with log file: #3. Immutable memtables: 0.
2025/04/30-07:52:16.695306 7fc118ff9700 [/db_impl_write.cc:1865] [default] Old memtable #3 data_size 64110350 entries 54562 is replaced
2025/04/30-07:52:16.956612 7fc117ff7700 [_set.cc:4383] LogAndApply called
2025/04/30-07:52:18.369051 7fc12dffb700 [/db_impl_write.cc:1770] [default] New memtable created with log file: #3. Immutable memtables: 0.
2025/04/30-07:52:18.369089 7fc12dffb700 [/db_impl_write.cc:1865] [default] Old memtable #4 data_size 64117400 entries 54568 is replaced
2025/04/30-07:52:18.638732 7fc117ff7700 [_set.cc:4383] LogAndApply called
2025/04/30-07:52:20.004195 7fc118ff9700 [/db_impl_write.cc:1770] [default] New memtable created with log file: #3. Immutable memtables: 0.
2025/04/30-07:52:20.004226 7fc118ff9700 [/db_impl_write.cc:1865] [default] Old memtable #5 data_size 64111525 entries 54563 is replaced
2025/04/30-07:52:20.645369 7fc117ff7700 [_set.cc:4383] LogAndApply called
2025/04/30-07:52:20.655098 7fc117ff7700 [_set.cc:4383] LogAndApply called
2025/04/30-07:52:20.655392 7fc117ff7700 [_set.cc:4383] LogAndApply called
2025/04/30-07:52:21.619786 7fc12dffb700 [/db_impl_write.cc:1770] [default] New memtable created with log file: #3. Immutable memtables: 0.
2025/04/30-07:52:21.619820 7fc12dffb700 [/db_impl_write.cc:1865] [default] Old memtable #6 data_size 64115050 entries 54566 is replaced
2025/04/30-07:52:21.893374 7fc117ff7700 [_set.cc:4383] LogAndApply called
2025/04/30-07:52:23.252033 7fc12effd700 [/db_impl_write.cc:1770] [default] New memtable created with log file: #3. Immutable memtables: 0.
2025/04/30-07:52:23.252062 7fc12effd700 [/db_impl_write.cc:1865] [default] Old memtable #7 data_size 64157350 entries 54602 is replaced
2025/04/30-07:52:23.485802 7fc117ff7700 [_set.cc:4383] LogAndApply called
2025/04/30-07:52:24.878512 7fc118ff9700 [/db_impl_write.cc:1770] [default] New memtable created with log file: #3. Immutable memtables: 0.
2025/04/30-07:52:24.878545 7fc118ff9700 [/db_impl_write.cc:1865] [default] Old memtable #8 data_size 64044550 entries 54506 is replaced
2025/04/30-07:52:25.170134 7fc117ff7700 [_set.cc:4383] LogAndApply called
2025/04/30-07:52:26.572067 7fc12effd700 [/db_impl_write.cc:1770] [default] New memtable created with log file: #3. Immutable memtables: 0.
2025/04/30-07:52:26.572104 7fc12effd700 [/db_impl_write.cc:1865] [default] Old memtable #9 data_size 64156175 entries 54601 is replaced
2025/04/30-07:52:26.817268 7fc117ff7700 [_set.cc:4383] LogAndApply called
2025/04/30-07:52:28.152303 7fc12e7fc700 [/db_impl_write.cc:1770] [default] New memtable created with log file: #3. Immutable memtables: 0.
2025/04/30-07:52:28.152336 7fc12e7fc700 [/db_impl_write.cc:1865] [default] Old memtable #10 data_size 64157350 entries 54602 is replaced
2025/04/30-07:52:28.705037 7fc117ff7700 [_set.cc:4383] LogAndApply called
2025/04/30-07:52:28.716941 7fc117ff7700 [_set.cc:4383] LogAndApply called
2025/04/30-07:52:28.717208 7fc117ff7700 [_set.cc:4383] LogAndApply called
2025/04/30-07:52:28.717436 7fc117ff7700 [_set.cc:4383] LogAndApply called
2025/04/30-07:52:28.717659 7fc117ff7700 [_set.cc:4383] LogAndApply called
2025/04/30-07:52:28.717902 7fc117ff7700 [_set.cc:4383] LogAndApply called
2025/04/30-07:52:29.766122 7fc118ff9700 [/db_impl_write.cc:1770] [default] New memtable created with log file: #3. Immutable memtables: 0.
2025/04/30-07:52:29.766152 7fc118ff9700 [/db_impl_write.cc:1865] [default] Old memtable #11 data_size 64155000 entries 54600 is replaced
2025/04/30-07:52:30.013038 7fc117ff7700 [_set.cc:4383] LogAndApply called
2025/04/30-07:52:31.444491 7fc12dffb700 [/db_impl_write.cc:1770] [default] New memtable created with log file: #3. Immutable memtables: 0.
2025/04/30-07:52:31.444523 7fc12dffb700 [/db_impl_write.cc:1865] [default] Old memtable #12 data_size 64156175 entries 54601 is replaced
2025/04/30-07:52:31.645793 7fc117ff7700 [_set.cc:4383] LogAndApply called
2025/04/30-07:52:33.110929 7fc12dffb700 [/db_impl_write.cc:1770] [default] New memtable created with log file: #3. Immutable memtables: 0.
2025/04/30-07:52:33.110963 7fc12dffb700 [/db_impl_write.cc:1865] [default] Old memtable #13 data_size 64158525 entries 54603 is replaced
2025/04/30-07:52:33.429893 7fc117ff7700 [_set.cc:4383] LogAndApply called
2025/04/30-07:52:34.721876 7fc12e7fc700 [/db_impl_write.cc:1770] [default] New memtable created with log file: #3. Immutable memtables: 0.
2025/04/30-07:52:34.721909 7fc12e7fc700 [/db_impl_write.cc:1865] [default] Old memtable #14 data_size 64153825 entries 54599 is replaced
2025/04/30-07:52:35.199523 7fc117ff7700 [_set.cc:4383] LogAndApply called
2025/04/30-07:52:35.255338 7fc117ff7700 [_set.cc:4383] LogAndApply called
2025/04/30-07:52:35.255646 7fc117ff7700 [_set.cc:4383] LogAndApply called
2025/04/30-07:52:36.359161 7fc12dffb700 [/db_impl_write.cc:1770] [default] New memtable created with log file: #3. Immutable memtables: 0.
2025/04/30-07:52:36.359193 7fc12dffb700 [/db_impl_write.cc:1865] [default] Old memtable #15 data_size 64159700 entries 54604 is replaced
2025/04/30-07:52:36.801988 7fc117ff7700 [_set.cc:4383] LogAndApply called
2025/04/30-07:52:36.807502 7fc117ff7700 [_set.cc:4383] LogAndApply called
2025/04/30-07:52:37.982510 7fc12effd700 [/db_impl_write.cc:1770] [default] New memtable created with log file: #3. Immutable memtables: 0.
2025/04/30-07:52:37.982547 7fc12effd700 [/db_impl_write.cc:1865] [default] Old memtable #16 data_size 64156175 entries 54601 is replaced
2025/04/30-07:52:38.238777 7fc117ff7700 [_set.cc:4383] LogAndApply called
2025/04/30-07:52:39.649714 7fc12e7fc700 [/db_impl_write.cc:1770] [default] New memtable created with log file: #3. Immutable memtables: 0.
2025/04/30-07:52:39.649745 7fc12e7fc700 [/db_impl_write.cc:1865] [default] Old memtable #17 data_size 64156175 entries 54601 is replaced
2025/04/30-07:52:40.034559 7fc117ff7700 [_set.cc:4383] LogAndApply called
2025/04/30-07:52:41.350650 7fc118ff9700 [/db_impl_write.cc:1770] [default] New memtable created with log file: #3. Immutable memtables: 0.
2025/04/30-07:52:41.350684 7fc118ff9700 [/db_impl_write.cc:1865] [default] Old memtable #18 data_size 64125625 entries 54575 is replaced
2025/04/30-07:52:42.041000 7fc117ff7700 [_set.cc:4383] LogAndApply called
2025/04/30-07:52:42.050030 7fc117ff7700 [_set.cc:4383] LogAndApply called
2025/04/30-07:52:42.441268 7fc117ff7700 [_set.cc:4383] LogAndApply called
2025/04/30-07:52:42.939932 7fc12effd700 [/db_impl_write.cc:1770] [default] New memtable created with log file: #3. Immutable memtables: 0.
2025/04/30-07:52:42.939966 7fc12effd700 [/db_impl_write.cc:1865] [default] Old memtable #19 data_size 64116225 entries 54567 is replaced
2025/04/30-07:52:43.276199 7fc117ff7700 [_set.cc:4383] LogAndApply called
2025/04/30-07:52:43.379812 7fc117ff7700 [_set.cc:4383] LogAndApply called
2025/04/30-07:52:44.673094 7fc12dffb700 [/db_impl_write.cc:1770] [default] New memtable created with log file: #3. Immutable memtables: 0.
2025/04/30-07:52:44.673127 7fc12dffb700 [/db_impl_write.cc:1865] [default] Old memtable #20 data_size 64116225 entries 54567 is replaced
2025/04/30-07:52:45.005978 7fc117ff7700 [_set.cc:4383] LogAndApply called
2025/04/30-07:52:45.039183 7fc117ff7700 [_set.cc:4383] LogAndApply called
