2025/04/30-07:52:08.662169 7f4808c34280 RocksDB version: 6.14.0
2025/04/30-07:52:08.662211 7f4808c34280 Git sha rocksdb_build_git_sha:@31b5689d16ceb9a767a7e591aecc19d2c8201995@
2025/04/30-07:52:08.662212 7f4808c34280 Compile date Apr 30 2025
2025/04/30-07:52:08.662242 7f4808c34280 DB SUMMARY
2025/04/30-07:52:08.662243 7f4808c34280 DB Session ID:  CUMQ053ONT779S0RCJJP
2025/04/30-07:52:08.662260 7f4808c34280 SST files in /mnt/data/db/shard-1/sst_dir dir, Total Num: 0, files: 
2025/04/30-07:52:08.662262 7f4808c34280 Write Ahead Log file in /mnt/data/db/shard-1/db: 
2025/04/30-07:52:08.662263 7f4808c34280                         Options.error_if_exists: 0
2025/04/30-07:52:08.662264 7f4808c34280                       Options.create_if_missing: 1
2025/04/30-07:52:08.662265 7f4808c34280                         Options.paranoid_checks: 1
2025/04/30-07:52:08.662265 7f4808c34280                               Options.track_and_verify_wals_in_manifest: 0
2025/04/30-07:52:08.662266 7f4808c34280                                     Options.env: 0x55aa2a2b4820
2025/04/30-07:52:08.662267 7f4808c34280                                      Options.fs: Posix File System
2025/04/30-07:52:08.662268 7f4808c34280                                Options.info_log: 0x55aa2ab47a90
2025/04/30-07:52:08.662268 7f4808c34280                Options.max_file_opening_threads: 16
2025/04/30-07:52:08.662269 7f4808c34280                              Options.statistics: 0x55aa2ab424b0
2025/04/30-07:52:08.662270 7f4808c34280                               Options.use_fsync: 0
2025/04/30-07:52:08.662271 7f4808c34280                       Options.max_log_file_size: 0
2025/04/30-07:52:08.662271 7f4808c34280                  Options.max_manifest_file_size: 1073741824
2025/04/30-07:52:08.662272 7f4808c34280                   Options.log_file_time_to_roll: 0
2025/04/30-07:52:08.662273 7f4808c34280                       Options.keep_log_file_num: 1000
2025/04/30-07:52:08.662273 7f4808c34280                    Options.recycle_log_file_num: 0
2025/04/30-07:52:08.662274 7f4808c34280                         Options.allow_fallocate: 1
2025/04/30-07:52:08.662275 7f4808c34280                        Options.allow_mmap_reads: 0
2025/04/30-07:52:08.662275 7f4808c34280                       Options.allow_mmap_writes: 0
2025/04/30-07:52:08.662276 7f4808c34280                        Options.use_direct_reads: 1
2025/04/30-07:52:08.662277 7f4808c34280                        Options.use_direct_io_for_flush_and_compaction: 1
2025/04/30-07:52:08.662277 7f4808c34280          Options.create_missing_column_families: 1
2025/04/30-07:52:08.662278 7f4808c34280                              Options.db_log_dir: 
2025/04/30-07:52:08.662279 7f4808c34280                                 Options.wal_dir: /mnt/data/db/shard-1/db
2025/04/30-07:52:08.662279 7f4808c34280                Options.table_cache_numshardbits: 6
2025/04/30-07:52:08.662280 7f4808c34280                         Options.WAL_ttl_seconds: 0
2025/04/30-07:52:08.662281 7f4808c34280                       Options.WAL_size_limit_MB: 0
2025/04/30-07:52:08.662281 7f4808c34280                        Options.max_write_batch_group_size_bytes: 1048576
2025/04/30-07:52:08.662282 7f4808c34280             Options.manifest_preallocation_size: 4194304
2025/04/30-07:52:08.662283 7f4808c34280                     Options.is_fd_close_on_exec: 1
2025/04/30-07:52:08.662284 7f4808c34280                   Options.advise_random_on_open: 1
2025/04/30-07:52:08.662284 7f4808c34280                    Options.db_write_buffer_size: 0
2025/04/30-07:52:08.662285 7f4808c34280                    Options.write_buffer_manager: 0x55aa2ab51eb0
2025/04/30-07:52:08.662286 7f4808c34280         Options.access_hint_on_compaction_start: 1
2025/04/30-07:52:08.662286 7f4808c34280  Options.new_table_reader_for_compaction_inputs: 1
2025/04/30-07:52:08.662287 7f4808c34280           Options.random_access_max_buffer_size: 1048576
2025/04/30-07:52:08.662288 7f4808c34280                      Options.use_adaptive_mutex: 0
2025/04/30-07:52:08.662288 7f4808c34280                            Options.rate_limiter: (nil)
2025/04/30-07:52:08.662289 7f4808c34280     Options.sst_file_manager.rate_bytes_per_sec: 0
2025/04/30-07:52:08.662301 7f4808c34280                       Options.wal_recovery_mode: 2
2025/04/30-07:52:08.662302 7f4808c34280                  Options.enable_thread_tracking: 0
2025/04/30-07:52:08.662303 7f4808c34280                  Options.enable_pipelined_write: 0
2025/04/30-07:52:08.662303 7f4808c34280                  Options.unordered_write: 0
2025/04/30-07:52:08.662304 7f4808c34280         Options.allow_concurrent_memtable_write: 1
2025/04/30-07:52:08.662305 7f4808c34280      Options.enable_write_thread_adaptive_yield: 1
2025/04/30-07:52:08.662305 7f4808c34280             Options.write_thread_max_yield_usec: 100
2025/04/30-07:52:08.662306 7f4808c34280            Options.write_thread_slow_yield_usec: 3
2025/04/30-07:52:08.662307 7f4808c34280                               Options.row_cache: None
2025/04/30-07:52:08.662307 7f4808c34280                              Options.wal_filter: None
2025/04/30-07:52:08.662308 7f4808c34280             Options.avoid_flush_during_recovery: 0
2025/04/30-07:52:08.662309 7f4808c34280             Options.allow_ingest_behind: 0
2025/04/30-07:52:08.662309 7f4808c34280             Options.preserve_deletes: 0
2025/04/30-07:52:08.662310 7f4808c34280             Options.two_write_queues: 0
2025/04/30-07:52:08.662311 7f4808c34280             Options.manual_wal_flush: 0
2025/04/30-07:52:08.662311 7f4808c34280             Options.atomic_flush: 0
2025/04/30-07:52:08.662312 7f4808c34280             Options.avoid_unnecessary_blocking_io: 0
2025/04/30-07:52:08.662313 7f4808c34280                 Options.persist_stats_to_disk: 0
2025/04/30-07:52:08.662313 7f4808c34280                 Options.write_dbid_to_manifest: 0
2025/04/30-07:52:08.662314 7f4808c34280                 Options.log_readahead_size: 0
2025/04/30-07:52:08.662315 7f4808c34280                 Options.file_checksum_gen_factory: Unknown
2025/04/30-07:52:08.662315 7f4808c34280                 Options.best_efforts_recovery: 0
2025/04/30-07:52:08.662316 7f4808c34280                Options.max_bgerror_resume_count: 2147483647
2025/04/30-07:52:08.662317 7f4808c34280            Options.bgerror_resume_retry_interval: 1000000
2025/04/30-07:52:08.662317 7f4808c34280             Options.allow_data_in_errors: 0
2025/04/30-07:52:08.662318 7f4808c34280             Options.db_host_id: __hostname__
2025/04/30-07:52:08.662319 7f4808c34280             Options.max_background_jobs: 4
2025/04/30-07:52:08.662320 7f4808c34280             Options.max_background_compactions: 3
2025/04/30-07:52:08.662320 7f4808c34280             Options.max_subcompactions: 1
2025/04/30-07:52:08.662321 7f4808c34280             Options.avoid_flush_during_shutdown: 0
2025/04/30-07:52:08.662322 7f4808c34280           Options.writable_file_max_buffer_size: 1048576
2025/04/30-07:52:08.662322 7f4808c34280             Options.delayed_write_rate : 16777216
2025/04/30-07:52:08.662323 7f4808c34280             Options.max_total_wal_size: 0
2025/04/30-07:52:08.662324 7f4808c34280             Options.delete_obsolete_files_period_micros: 21600000000
2025/04/30-07:52:08.662324 7f4808c34280                   Options.stats_dump_period_sec: 60
2025/04/30-07:52:08.662325 7f4808c34280                 Options.stats_persist_period_sec: 600
2025/04/30-07:52:08.662326 7f4808c34280                 Options.stats_history_buffer_size: 1048576
2025/04/30-07:52:08.662327 7f4808c34280                          Options.max_open_files: -1
2025/04/30-07:52:08.662327 7f4808c34280                          Options.bytes_per_sync: 0
2025/04/30-07:52:08.662328 7f4808c34280                      Options.wal_bytes_per_sync: 0
2025/04/30-07:52:08.662329 7f4808c34280                   Options.strict_bytes_per_sync: 0
2025/04/30-07:52:08.662329 7f4808c34280       Options.compaction_readahead_size: 2097152
2025/04/30-07:52:08.662330 7f4808c34280                  Options.max_background_flushes: 1
2025/04/30-07:52:08.662331 7f4808c34280 Compression algorithms supported:
2025/04/30-07:52:08.662332 7f4808c34280 	kZSTDNotFinalCompression supported: 0
2025/04/30-07:52:08.662333 7f4808c34280 	kZSTD supported: 0
2025/04/30-07:52:08.662338 7f4808c34280 	kXpressCompression supported: 0
2025/04/30-07:52:08.662339 7f4808c34280 	kLZ4HCCompression supported: 0
2025/04/30-07:52:08.662340 7f4808c34280 	kLZ4Compression supported: 0
2025/04/30-07:52:08.662341 7f4808c34280 	kBZip2Compression supported: 0
2025/04/30-07:52:08.662342 7f4808c34280 	kZlibCompression supported: 0
2025/04/30-07:52:08.662343 7f4808c34280 	kSnappyCompression supported: 0
2025/04/30-07:52:08.662344 7f4808c34280 Fast CRC32 supported: Supported on x86
2025/04/30-07:52:08.662560 7f4808c34280 [/db_impl_open.cc:285] Creating manifest 1 
2025/04/30-07:52:08.663095 7f4808c34280 [_set.cc:4816] Recovering from manifest file: /mnt/data/db/shard-1/db/MANIFEST-000001
2025/04/30-07:52:08.663196 7f4808c34280 [family.cc:605] --------------- Options for column family [default]:
2025/04/30-07:52:08.663198 7f4808c34280               Options.comparator: leveldb.BytewiseComparator
2025/04/30-07:52:08.663199 7f4808c34280           Options.merge_operator: None
2025/04/30-07:52:08.663200 7f4808c34280        Options.compaction_filter: None
2025/04/30-07:52:08.663201 7f4808c34280        Options.compaction_filter_factory: None
2025/04/30-07:52:08.663201 7f4808c34280  Options.sst_partitioner_factory: None
2025/04/30-07:52:08.663202 7f4808c34280         Options.memtable_factory: SkipListFactory
2025/04/30-07:52:08.663203 7f4808c34280            Options.table_factory: BlockBasedTable
2025/04/30-07:52:08.663221 7f4808c34280            table_factory options:   flush_block_policy_factory: FlushBlockBySizePolicyFactory (0x55aa2ab42c30)
  cache_index_and_filter_blocks: 0
  cache_index_and_filter_blocks_with_high_priority: 1
  pin_l0_filter_and_index_blocks_in_cache: 0
  pin_top_level_index_and_filter: 1
  index_type: 0
  data_block_index_type: 0
  index_shortening: 1
  data_block_hash_table_util_ratio: 0.750000
  hash_index_allow_collision: 1
  checksum: 1
  no_block_cache: 0
  block_cache: 0x55aa2ab444a0
  block_cache_name: LRUCache
  block_cache_options:
    capacity : 2147483648
    num_shard_bits : 6
    strict_capacity_limit : 0
    memory_allocator : None
    high_pri_pool_ratio: 0.000
  block_cache_compressed: (nil)
  persistent_cache: (nil)
  block_size: 4096
  block_size_deviation: 10
  block_restart_interval: 16
  index_block_restart_interval: 1
  metadata_block_size: 4096
  partition_filters: 0
  use_delta_encoding: 1
  filter_policy: rocksdb.BuiltinBloomFilter
  whole_key_filtering: 1
  verify_compression: 0
  read_amp_bytes_per_bit: 0
  format_version: 4
  enable_index_compression: 1
  block_align: 0
2025/04/30-07:52:08.663223 7f4808c34280        Options.write_buffer_size: 67108864
2025/04/30-07:52:08.663223 7f4808c34280  Options.max_write_buffer_number: 64
2025/04/30-07:52:08.663224 7f4808c34280        Options.compression[0]: NoCompression
2025/04/30-07:52:08.663225 7f4808c34280        Options.compression[1]: NoCompression
2025/04/30-07:52:08.663226 7f4808c34280        Options.compression[2]: NoCompression
2025/04/30-07:52:08.663227 7f4808c34280        Options.compression[3]: NoCompression
2025/04/30-07:52:08.663228 7f4808c34280        Options.compression[4]: NoCompression
2025/04/30-07:52:08.663228 7f4808c34280                  Options.bottommost_compression: Disabled
2025/04/30-07:52:08.663229 7f4808c34280       Options.prefix_extractor: nullptr
2025/04/30-07:52:08.663230 7f4808c34280   Options.memtable_insert_with_hint_prefix_extractor: nullptr
2025/04/30-07:52:08.663230 7f4808c34280             Options.num_levels: 5
2025/04/30-07:52:08.663231 7f4808c34280        Options.min_write_buffer_number_to_merge: 1
2025/04/30-07:52:08.663232 7f4808c34280     Options.max_write_buffer_number_to_maintain: 0
2025/04/30-07:52:08.663232 7f4808c34280     Options.max_write_buffer_size_to_maintain: 0
2025/04/30-07:52:08.663233 7f4808c34280            Options.bottommost_compression_opts.window_bits: -14
2025/04/30-07:52:08.663234 7f4808c34280                  Options.bottommost_compression_opts.level: 32767
2025/04/30-07:52:08.663235 7f4808c34280               Options.bottommost_compression_opts.strategy: 0
2025/04/30-07:52:08.663242 7f4808c34280         Options.bottommost_compression_opts.max_dict_bytes: 0
2025/04/30-07:52:08.663243 7f4808c34280         Options.bottommost_compression_opts.zstd_max_train_bytes: 0
2025/04/30-07:52:08.663244 7f4808c34280         Options.bottommost_compression_opts.parallel_threads: 1
2025/04/30-07:52:08.663245 7f4808c34280                  Options.bottommost_compression_opts.enabled: false
2025/04/30-07:52:08.663245 7f4808c34280            Options.compression_opts.window_bits: -14
2025/04/30-07:52:08.663246 7f4808c34280                  Options.compression_opts.level: 32767
2025/04/30-07:52:08.663247 7f4808c34280               Options.compression_opts.strategy: 0
2025/04/30-07:52:08.663247 7f4808c34280         Options.compression_opts.max_dict_bytes: 0
2025/04/30-07:52:08.663248 7f4808c34280         Options.compression_opts.zstd_max_train_bytes: 0
2025/04/30-07:52:08.663249 7f4808c34280         Options.compression_opts.parallel_threads: 1
2025/04/30-07:52:08.663249 7f4808c34280                  Options.compression_opts.enabled: false
2025/04/30-07:52:08.663250 7f4808c34280      Options.level0_file_num_compaction_trigger: 4
2025/04/30-07:52:08.663251 7f4808c34280          Options.level0_slowdown_writes_trigger: 20
2025/04/30-07:52:08.663251 7f4808c34280              Options.level0_stop_writes_trigger: 36
2025/04/30-07:52:08.663252 7f4808c34280                   Options.target_file_size_base: 67108864
2025/04/30-07:52:08.663253 7f4808c34280             Options.target_file_size_multiplier: 1
2025/04/30-07:52:08.663253 7f4808c34280                Options.max_bytes_for_level_base: 268435456
2025/04/30-07:52:08.663254 7f4808c34280 Options.level_compaction_dynamic_level_bytes: 0
2025/04/30-07:52:08.663255 7f4808c34280          Options.max_bytes_for_level_multiplier: 10.000000
2025/04/30-07:52:08.663256 7f4808c34280 Options.max_bytes_for_level_multiplier_addtl[0]: 1
2025/04/30-07:52:08.663257 7f4808c34280 Options.max_bytes_for_level_multiplier_addtl[1]: 1
2025/04/30-07:52:08.663258 7f4808c34280 Options.max_bytes_for_level_multiplier_addtl[2]: 1
2025/04/30-07:52:08.663258 7f4808c34280 Options.max_bytes_for_level_multiplier_addtl[3]: 1
2025/04/30-07:52:08.663259 7f4808c34280 Options.max_bytes_for_level_multiplier_addtl[4]: 1
2025/04/30-07:52:08.663260 7f4808c34280 Options.max_bytes_for_level_multiplier_addtl[5]: 1
2025/04/30-07:52:08.663260 7f4808c34280 Options.max_bytes_for_level_multiplier_addtl[6]: 1
2025/04/30-07:52:08.663261 7f4808c34280       Options.max_sequential_skip_in_iterations: 8
2025/04/30-07:52:08.663262 7f4808c34280                    Options.max_compaction_bytes: 1677721600
2025/04/30-07:52:08.663262 7f4808c34280                        Options.arena_block_size: 8388608
2025/04/30-07:52:08.663263 7f4808c34280   Options.soft_pending_compaction_bytes_limit: 68719476736
2025/04/30-07:52:08.663264 7f4808c34280   Options.hard_pending_compaction_bytes_limit: 274877906944
2025/04/30-07:52:08.663265 7f4808c34280       Options.rate_limit_delay_max_milliseconds: 100
2025/04/30-07:52:08.663265 7f4808c34280                Options.disable_auto_compactions: 0
2025/04/30-07:52:08.663267 7f4808c34280                        Options.compaction_style: kCompactionStyleLevel
2025/04/30-07:52:08.663268 7f4808c34280                          Options.compaction_pri: kMinOverlappingRatio
2025/04/30-07:52:08.663269 7f4808c34280 Options.compaction_options_universal.size_ratio: 1
2025/04/30-07:52:08.663270 7f4808c34280 Options.compaction_options_universal.min_merge_width: 2
2025/04/30-07:52:08.663270 7f4808c34280 Options.compaction_options_universal.max_merge_width: 4294967295
2025/04/30-07:52:08.663271 7f4808c34280 Options.compaction_options_universal.max_size_amplification_percent: 200
2025/04/30-07:52:08.663272 7f4808c34280 Options.compaction_options_universal.compression_size_percent: -1
2025/04/30-07:52:08.663273 7f4808c34280 Options.compaction_options_universal.stop_style: kCompactionStopStyleTotalSize
2025/04/30-07:52:08.663273 7f4808c34280 Options.compaction_options_fifo.max_table_files_size: 1073741824
2025/04/30-07:52:08.663277 7f4808c34280 Options.compaction_options_fifo.allow_compaction: 0
2025/04/30-07:52:08.663280 7f4808c34280                   Options.table_properties_collectors: 
2025/04/30-07:52:08.663281 7f4808c34280                   Options.inplace_update_support: 0
2025/04/30-07:52:08.663281 7f4808c34280                 Options.inplace_update_num_locks: 10000
2025/04/30-07:52:08.663282 7f4808c34280               Options.memtable_prefix_bloom_size_ratio: 0.000000
2025/04/30-07:52:08.663283 7f4808c34280               Options.memtable_whole_key_filtering: 0
2025/04/30-07:52:08.663284 7f4808c34280   Options.memtable_huge_page_size: 0
2025/04/30-07:52:08.663284 7f4808c34280                           Options.bloom_locality: 0
2025/04/30-07:52:08.663285 7f4808c34280                    Options.max_successive_merges: 0
2025/04/30-07:52:08.663286 7f4808c34280                Options.optimize_filters_for_hits: 0
2025/04/30-07:52:08.663286 7f4808c34280                Options.paranoid_file_checks: 0
2025/04/30-07:52:08.663287 7f4808c34280                Options.force_consistency_checks: 1
2025/04/30-07:52:08.663288 7f4808c34280                Options.report_bg_io_stats: 0
2025/04/30-07:52:08.663288 7f4808c34280                               Options.ttl: 2592000
2025/04/30-07:52:08.663289 7f4808c34280          Options.periodic_compaction_seconds: 0
2025/04/30-07:52:08.663290 7f4808c34280                    Options.enable_blob_files: false
2025/04/30-07:52:08.663290 7f4808c34280                        Options.min_blob_size: 0
2025/04/30-07:52:08.663291 7f4808c34280                       Options.blob_file_size: 268435456
2025/04/30-07:52:08.663292 7f4808c34280                Options.blob_compression_type: NoCompression
2025/04/30-07:52:08.669112 7f4808c34280 [_set.cc:4965] Recovered from manifest file:/mnt/data/db/shard-1/db/MANIFEST-000001 succeeded,manifest_file_number is 1, next_file_number is 3, last_sequence is 0, log_number is 0,prev_log_number is 0,max_column_family is 0,min_log_number_to_keep is 0
2025/04/30-07:52:08.669118 7f4808c34280 [_set.cc:4981] Column family [default] (ID 0), log number is 0
2025/04/30-07:52:08.670756 7f4808c34280 [/db_impl_open.cc:1732] SstFileManager instance 0x55aa2ab8f960
2025/04/30-07:52:08.670770 7f4808c34280 DB pointer 0x55aa2ab8dff0
2025/04/30-07:52:08.670930 7f47ca7f4700 [/db_impl.cc:907] Load kCFStatsNoFileHistogram
2025/04/30-07:52:08.671006 7f47ca7f4700 [/db_impl.cc:914] Load kCFFileHistogram
2025/04/30-07:52:08.671050 7f47ca7f4700 [/db_impl.cc:921] Load kCFStats
2025/04/30-07:52:08.671093 7f47ca7f4700 [/db_impl.cc:929] ------- DUMPING STATS -------
2025/04/30-07:52:08.671094 7f47ca7f4700 [/db_impl.cc:931] 
** File Read Latency Histogram By Level [default] **
2025/04/30-07:52:08.688028 7f47ca7f4700 [/db_impl.cc:705] STATISTICS:
 rocksdb.block.cache.miss COUNT : 0
rocksdb.block.cache.hit COUNT : 0
rocksdb.block.cache.add COUNT : 0
rocksdb.block.cache.add.failures COUNT : 0
rocksdb.block.cache.index.miss COUNT : 0
rocksdb.block.cache.index.hit COUNT : 0
rocksdb.block.cache.index.add COUNT : 0
rocksdb.block.cache.index.bytes.insert COUNT : 0
rocksdb.block.cache.index.bytes.evict COUNT : 0
rocksdb.block.cache.filter.miss COUNT : 0
rocksdb.block.cache.filter.hit COUNT : 0
rocksdb.block.cache.filter.add COUNT : 0
rocksdb.block.cache.filter.bytes.insert COUNT : 0
rocksdb.block.cache.filter.bytes.evict COUNT : 0
rocksdb.block.cache.data.miss COUNT : 0
rocksdb.block.cache.data.hit COUNT : 0
rocksdb.block.cache.data.add COUNT : 0
rocksdb.block.cache.data.bytes.insert COUNT : 0
rocksdb.block.cache.bytes.read COUNT : 0
rocksdb.block.cache.bytes.write COUNT : 0
rocksdb.bloom.filter.useful COUNT : 0
rocksdb.bloom.filter.full.positive COUNT : 0
rocksdb.bloom.filter.full.true.positive COUNT : 0
rocksdb.bloom.filter.micros COUNT : 0
rocksdb.persistent.cache.hit COUNT : 0
rocksdb.persistent.cache.miss COUNT : 0
rocksdb.sim.block.cache.hit COUNT : 0
rocksdb.sim.block.cache.miss COUNT : 0
rocksdb.memtable.hit COUNT : 0
rocksdb.memtable.miss COUNT : 0
rocksdb.l0.hit COUNT : 0
rocksdb.l1.hit COUNT : 0
rocksdb.l2andup.hit COUNT : 0
rocksdb.compaction.key.drop.new COUNT : 0
rocksdb.compaction.key.drop.obsolete COUNT : 0
rocksdb.compaction.key.drop.range_del COUNT : 0
rocksdb.compaction.key.drop.user COUNT : 0
rocksdb.compaction.range_del.drop.obsolete COUNT : 0
rocksdb.compaction.optimized.del.drop.obsolete COUNT : 0
rocksdb.compaction.cancelled COUNT : 0
rocksdb.number.keys.written COUNT : 0
rocksdb.number.keys.read COUNT : 0
rocksdb.number.keys.updated COUNT : 0
rocksdb.bytes.written COUNT : 0
rocksdb.bytes.read COUNT : 0
rocksdb.number.db.seek COUNT : 0
rocksdb.number.db.next COUNT : 0
rocksdb.number.db.prev COUNT : 0
rocksdb.number.db.seek.found COUNT : 0
rocksdb.number.db.next.found COUNT : 0
rocksdb.number.db.prev.found COUNT : 0
rocksdb.db.iter.bytes.read COUNT : 0
rocksdb.no.file.closes COUNT : 0
rocksdb.no.file.opens COUNT : 0
rocksdb.no.file.errors COUNT : 0
rocksdb.l0.slowdown.micros COUNT : 0
rocksdb.memtable.compaction.micros COUNT : 0
rocksdb.l0.num.files.stall.micros COUNT : 0
rocksdb.stall.micros COUNT : 0
rocksdb.db.mutex.wait.micros COUNT : 0
rocksdb.rate.limit.delay.millis COUNT : 0
rocksdb.num.iterators COUNT : 0
rocksdb.number.multiget.get COUNT : 0
rocksdb.number.multiget.keys.read COUNT : 0
rocksdb.number.multiget.bytes.read COUNT : 0
rocksdb.number.deletes.filtered COUNT : 0
rocksdb.number.merge.failures COUNT : 0
rocksdb.bloom.filter.prefix.checked COUNT : 0
rocksdb.bloom.filter.prefix.useful COUNT : 0
rocksdb.number.reseeks.iteration COUNT : 0
rocksdb.getupdatessince.calls COUNT : 0
rocksdb.block.cachecompressed.miss COUNT : 0
rocksdb.block.cachecompressed.hit COUNT : 0
rocksdb.block.cachecompressed.add COUNT : 0
rocksdb.block.cachecompressed.add.failures COUNT : 0
rocksdb.wal.synced COUNT : 0
rocksdb.wal.bytes COUNT : 0
rocksdb.write.self COUNT : 0
rocksdb.write.other COUNT : 0
rocksdb.write.timeout COUNT : 0
rocksdb.write.wal COUNT : 0
rocksdb.compact.read.bytes COUNT : 0
rocksdb.compact.write.bytes COUNT : 0
rocksdb.flush.write.bytes COUNT : 0
rocksdb.compact.read.marked.bytes COUNT : 0
rocksdb.compact.read.periodic.bytes COUNT : 0
rocksdb.compact.read.ttl.bytes COUNT : 0
rocksdb.compact.write.marked.bytes COUNT : 0
rocksdb.compact.write.periodic.bytes COUNT : 0
rocksdb.compact.write.ttl.bytes COUNT : 0
rocksdb.number.direct.load.table.properties COUNT : 0
rocksdb.number.superversion_acquires COUNT : 0
rocksdb.number.superversion_releases COUNT : 0
rocksdb.number.superversion_cleanups COUNT : 0
rocksdb.number.block.compressed COUNT : 0
rocksdb.number.block.decompressed COUNT : 0
rocksdb.number.block.not_compressed COUNT : 0
rocksdb.merge.operation.time.nanos COUNT : 0
rocksdb.filter.operation.time.nanos COUNT : 0
rocksdb.row.cache.hit COUNT : 0
rocksdb.row.cache.miss COUNT : 0
rocksdb.read.amp.estimate.useful.bytes COUNT : 0
rocksdb.read.amp.total.read.bytes COUNT : 0
rocksdb.number.rate_limiter.drains COUNT : 0
rocksdb.number.iter.skip COUNT : 0
rocksdb.blobdb.num.put COUNT : 0
rocksdb.blobdb.num.write COUNT : 0
rocksdb.blobdb.num.get COUNT : 0
rocksdb.blobdb.num.multiget COUNT : 0
rocksdb.blobdb.num.seek COUNT : 0
rocksdb.blobdb.num.next COUNT : 0
rocksdb.blobdb.num.prev COUNT : 0
rocksdb.blobdb.num.keys.written COUNT : 0
rocksdb.blobdb.num.keys.read COUNT : 0
rocksdb.blobdb.bytes.written COUNT : 0
rocksdb.blobdb.bytes.read COUNT : 0
rocksdb.blobdb.write.inlined COUNT : 0
rocksdb.blobdb.write.inlined.ttl COUNT : 0
rocksdb.blobdb.write.blob COUNT : 0
rocksdb.blobdb.write.blob.ttl COUNT : 0
rocksdb.blobdb.blob.file.bytes.written COUNT : 0
rocksdb.blobdb.blob.file.bytes.read COUNT : 0
rocksdb.blobdb.blob.file.synced COUNT : 0
rocksdb.blobdb.blob.index.expired.count COUNT : 0
rocksdb.blobdb.blob.index.expired.size COUNT : 0
rocksdb.blobdb.blob.index.evicted.count COUNT : 0
rocksdb.blobdb.blob.index.evicted.size COUNT : 0
rocksdb.blobdb.gc.num.files COUNT : 0
rocksdb.blobdb.gc.num.new.files COUNT : 0
rocksdb.blobdb.gc.failures COUNT : 0
rocksdb.blobdb.gc.num.keys.overwritten COUNT : 0
rocksdb.blobdb.gc.num.keys.expired COUNT : 0
rocksdb.blobdb.gc.num.keys.relocated COUNT : 0
rocksdb.blobdb.gc.bytes.overwritten COUNT : 0
rocksdb.blobdb.gc.bytes.expired COUNT : 0
rocksdb.blobdb.gc.bytes.relocated COUNT : 0
rocksdb.blobdb.fifo.num.files.evicted COUNT : 0
rocksdb.blobdb.fifo.num.keys.evicted COUNT : 0
rocksdb.blobdb.fifo.bytes.evicted COUNT : 0
rocksdb.txn.overhead.mutex.prepare COUNT : 0
rocksdb.txn.overhead.mutex.old.commit.map COUNT : 0
rocksdb.txn.overhead.duplicate.key COUNT : 0
rocksdb.txn.overhead.mutex.snapshot COUNT : 0
rocksdb.txn.get.tryagain COUNT : 0
rocksdb.number.multiget.keys.found COUNT : 0
rocksdb.num.iterator.created COUNT : 0
rocksdb.num.iterator.deleted COUNT : 0
rocksdb.block.cache.compression.dict.miss COUNT : 0
rocksdb.block.cache.compression.dict.hit COUNT : 0
rocksdb.block.cache.compression.dict.add COUNT : 0
rocksdb.block.cache.compression.dict.bytes.insert COUNT : 0
rocksdb.block.cache.compression.dict.bytes.evict COUNT : 0
rocksdb.block.cache.add.redundant COUNT : 0
rocksdb.block.cache.index.add.redundant COUNT : 0
rocksdb.block.cache.filter.add.redundant COUNT : 0
rocksdb.block.cache.data.add.redundant COUNT : 0
rocksdb.block.cache.compression.dict.add.redundant COUNT : 0
rocksdb.files.marked.trash COUNT : 0
rocksdb.files.deleted.immediately COUNT : 0
rocksdb.files.touched COUNT : 0
rocksdb.db.get.micros P50 : 0.000000 P95 : 0.000000 P99 : 0.000000 P100 : 0.000000 COUNT : 0 SUM : 0
rocksdb.db.write.micros P50 : 0.000000 P95 : 0.000000 P99 : 0.000000 P100 : 0.000000 COUNT : 0 SUM : 0
rocksdb.compaction.times.micros P50 : 0.000000 P95 : 0.000000 P99 : 0.000000 P100 : 0.000000 COUNT : 0 SUM : 0
rocksdb.compaction.times.cpu_micros P50 : 0.000000 P95 : 0.000000 P99 : 0.000000 P100 : 0.000000 COUNT : 0 SUM : 0
rocksdb.subcompaction.setup.times.micros P50 : 0.000000 P95 : 0.000000 P99 : 0.000000 P100 : 0.000000 COUNT : 0 SUM : 0
rocksdb.table.sync.micros P50 : 0.000000 P95 : 0.000000 P99 : 0.000000 P100 : 0.000000 COUNT : 0 SUM : 0
rocksdb.compaction.outfile.sync.micros P50 : 0.000000 P95 : 0.000000 P99 : 0.000000 P100 : 0.000000 COUNT : 0 SUM : 0
rocksdb.wal.file.sync.micros P50 : 0.000000 P95 : 0.000000 P99 : 0.000000 P100 : 0.000000 COUNT : 0 SUM : 0
rocksdb.manifest.file.sync.micros P50 : 86.000000 P95 : 86.000000 P99 : 86.000000 P100 : 86.000000 COUNT : 1 SUM : 86
rocksdb.table.open.io.micros P50 : 0.000000 P95 : 0.000000 P99 : 0.000000 P100 : 0.000000 COUNT : 0 SUM : 0
rocksdb.db.multiget.micros P50 : 0.000000 P95 : 0.000000 P99 : 0.000000 P100 : 0.000000 COUNT : 0 SUM : 0
rocksdb.read.block.compaction.micros P50 : 0.000000 P95 : 0.000000 P99 : 0.000000 P100 : 0.000000 COUNT : 0 SUM : 0
rocksdb.read.block.get.micros P50 : 0.000000 P95 : 0.000000 P99 : 0.000000 P100 : 0.000000 COUNT : 0 SUM : 0
rocksdb.write.raw.block.micros P50 : 0.000000 P95 : 0.000000 P99 : 0.000000 P100 : 0.000000 COUNT : 0 SUM : 0
rocksdb.l0.slowdown.count P50 : 0.000000 P95 : 0.000000 P99 : 0.000000 P100 : 0.000000 COUNT : 0 SUM : 0
rocksdb.memtable.compaction.count P50 : 0.000000 P95 : 0.000000 P99 : 0.000000 P100 : 0.000000 COUNT : 0 SUM : 0
rocksdb.num.files.stall.count P50 : 0.000000 P95 : 0.000000 P99 : 0.000000 P100 : 0.000000 COUNT : 0 SUM : 0
rocksdb.hard.rate.limit.delay.count P50 : 0.000000 P95 : 0.000000 P99 : 0.000000 P100 : 0.000000 COUNT : 0 SUM : 0
rocksdb.soft.rate.limit.delay.count P50 : 0.000000 P95 : 0.000000 P99 : 0.000000 P100 : 0.000000 COUNT : 0 SUM : 0
rocksdb.numfiles.in.singlecompaction P50 : 0.000000 P95 : 0.000000 P99 : 0.000000 P100 : 0.000000 COUNT : 0 SUM : 0
rocksdb.db.seek.micros P50 : 0.000000 P95 : 0.000000 P99 : 0.000000 P100 : 0.000000 COUNT : 0 SUM : 0
rocksdb.db.write.stall P50 : 0.000000 P95 : 0.000000 P99 : 0.000000 P100 : 0.000000 COUNT : 0 SUM : 0
rocksdb.sst.read.micros P50 : 0.000000 P95 : 0.000000 P99 : 0.000000 P100 : 0.000000 COUNT : 0 SUM : 0
rocksdb.num.subcompactions.scheduled P50 : 0.000000 P95 : 0.000000 P99 : 0.000000 P100 : 0.000000 COUNT : 0 SUM : 0
rocksdb.bytes.per.read P50 : 0.000000 P95 : 0.000000 P99 : 0.000000 P100 : 0.000000 COUNT : 0 SUM : 0
rocksdb.bytes.per.write P50 : 0.000000 P95 : 0.000000 P99 : 0.000000 P100 : 0.000000 COUNT : 0 SUM : 0
rocksdb.bytes.per.multiget P50 : 0.000000 P95 : 0.000000 P99 : 0.000000 P100 : 0.000000 COUNT : 0 SUM : 0
rocksdb.bytes.compressed P50 : 0.000000 P95 : 0.000000 P99 : 0.000000 P100 : 0.000000 COUNT : 0 SUM : 0
rocksdb.bytes.decompressed P50 : 0.000000 P95 : 0.000000 P99 : 0.000000 P100 : 0.000000 COUNT : 0 SUM : 0
rocksdb.compression.times.nanos P50 : 0.000000 P95 : 0.000000 P99 : 0.000000 P100 : 0.000000 COUNT : 0 SUM : 0
rocksdb.decompression.times.nanos P50 : 0.000000 P95 : 0.000000 P99 : 0.000000 P100 : 0.000000 COUNT : 0 SUM : 0
rocksdb.read.num.merge_operands P50 : 0.000000 P95 : 0.000000 P99 : 0.000000 P100 : 0.000000 COUNT : 0 SUM : 0
rocksdb.blobdb.key.size P50 : 0.000000 P95 : 0.000000 P99 : 0.000000 P100 : 0.000000 COUNT : 0 SUM : 0
rocksdb.blobdb.value.size P50 : 0.000000 P95 : 0.000000 P99 : 0.000000 P100 : 0.000000 COUNT : 0 SUM : 0
rocksdb.blobdb.write.micros P50 : 0.000000 P95 : 0.000000 P99 : 0.000000 P100 : 0.000000 COUNT : 0 SUM : 0
rocksdb.blobdb.get.micros P50 : 0.000000 P95 : 0.000000 P99 : 0.000000 P100 : 0.000000 COUNT : 0 SUM : 0
rocksdb.blobdb.multiget.micros P50 : 0.000000 P95 : 0.000000 P99 : 0.000000 P100 : 0.000000 COUNT : 0 SUM : 0
rocksdb.blobdb.seek.micros P50 : 0.000000 P95 : 0.000000 P99 : 0.000000 P100 : 0.000000 COUNT : 0 SUM : 0
rocksdb.blobdb.next.micros P50 : 0.000000 P95 : 0.000000 P99 : 0.000000 P100 : 0.000000 COUNT : 0 SUM : 0
rocksdb.blobdb.prev.micros P50 : 0.000000 P95 : 0.000000 P99 : 0.000000 P100 : 0.000000 COUNT : 0 SUM : 0
rocksdb.blobdb.blob.file.write.micros P50 : 0.000000 P95 : 0.000000 P99 : 0.000000 P100 : 0.000000 COUNT : 0 SUM : 0
rocksdb.blobdb.blob.file.read.micros P50 : 0.000000 P95 : 0.000000 P99 : 0.000000 P100 : 0.000000 COUNT : 0 SUM : 0
rocksdb.blobdb.blob.file.sync.micros P50 : 0.000000 P95 : 0.000000 P99 : 0.000000 P100 : 0.000000 COUNT : 0 SUM : 0
rocksdb.blobdb.gc.micros P50 : 0.000000 P95 : 0.000000 P99 : 0.000000 P100 : 0.000000 COUNT : 0 SUM : 0
rocksdb.blobdb.compression.micros P50 : 0.000000 P95 : 0.000000 P99 : 0.000000 P100 : 0.000000 COUNT : 0 SUM : 0
rocksdb.blobdb.decompression.micros P50 : 0.000000 P95 : 0.000000 P99 : 0.000000 P100 : 0.000000 COUNT : 0 SUM : 0
rocksdb.db.flush.micros P50 : 0.000000 P95 : 0.000000 P99 : 0.000000 P100 : 0.000000 COUNT : 0 SUM : 0
rocksdb.sst.batch.size P50 : 0.000000 P95 : 0.000000 P99 : 0.000000 P100 : 0.000000 COUNT : 0 SUM : 0
rocksdb.num.index.and.filter.blocks.read.per.level P50 : 0.000000 P95 : 0.000000 P99 : 0.000000 P100 : 0.000000 COUNT : 0 SUM : 0
rocksdb.num.data.blocks.read.per.level P50 : 0.000000 P95 : 0.000000 P99 : 0.000000 P100 : 0.000000 COUNT : 0 SUM : 0
rocksdb.num.sst.read.per.level P50 : 0.000000 P95 : 0.000000 P99 : 0.000000 P100 : 0.000000 COUNT : 0 SUM : 0
2025/04/30-07:52:09.672374 7f47ca7f4700 [/db_impl.cc:765] ------- PERSISTING STATS -------
2025/04/30-07:52:09.672380 7f47ca7f4700 [/db_impl.cc:832] [Pre-GC] In-memory stats history size: 48 bytes, slice count: 0
2025/04/30-07:52:09.672382 7f47ca7f4700 [/db_impl.cc:841] [Post-GC] In-memory stats history size: 48 bytes, slice count: 0
2025/04/30-07:52:13.418017 7f47e8ff9700 [/db_impl_write.cc:1770] [default] New memtable created with log file: #3. Immutable memtables: 0.
2025/04/30-07:52:13.418053 7f47e8ff9700 [/db_impl_write.cc:1865] [default] Old memtable #1 data_size 64112700 entries 54564 is replaced
2025/04/30-07:52:13.665311 7f47caff5700 [_set.cc:4383] LogAndApply called
2025/04/30-07:52:13.674931 7f47caff5700 [_set.cc:4118] Creating manifest 7
2025/04/30-07:52:15.052535 7f47e97fa700 [/db_impl_write.cc:1770] [default] New memtable created with log file: #3. Immutable memtables: 0.
2025/04/30-07:52:15.052566 7f47e97fa700 [/db_impl_write.cc:1865] [default] Old memtable #2 data_size 64111525 entries 54563 is replaced
2025/04/30-07:52:15.352721 7f47caff5700 [_set.cc:4383] LogAndApply called
2025/04/30-07:52:16.671684 7f47e8ff9700 [/db_impl_write.cc:1770] [default] New memtable created with log file: #3. Immutable memtables: 0.
2025/04/30-07:52:16.671718 7f47e8ff9700 [/db_impl_write.cc:1865] [default] Old memtable #3 data_size 64110350 entries 54562 is replaced
2025/04/30-07:52:16.930018 7f47caff5700 [_set.cc:4383] LogAndApply called
2025/04/30-07:52:18.316370 7f47e9ffb700 [/db_impl_write.cc:1770] [default] New memtable created with log file: #3. Immutable memtables: 0.
2025/04/30-07:52:18.316408 7f47e9ffb700 [/db_impl_write.cc:1865] [default] Old memtable #4 data_size 64110350 entries 54562 is replaced
2025/04/30-07:52:18.584100 7f47caff5700 [_set.cc:4383] LogAndApply called
2025/04/30-07:52:20.002399 7f47e8ff9700 [/db_impl_write.cc:1770] [default] New memtable created with log file: #3. Immutable memtables: 0.
2025/04/30-07:52:20.002435 7f47e8ff9700 [/db_impl_write.cc:1865] [default] Old memtable #5 data_size 64110350 entries 54562 is replaced
2025/04/30-07:52:20.536565 7f47caff5700 [_set.cc:4383] LogAndApply called
2025/04/30-07:52:20.544132 7f47caff5700 [_set.cc:4383] LogAndApply called
2025/04/30-07:52:20.544425 7f47caff5700 [_set.cc:4383] LogAndApply called
2025/04/30-07:52:21.564583 7f47e9ffb700 [/db_impl_write.cc:1770] [default] New memtable created with log file: #3. Immutable memtables: 0.
2025/04/30-07:52:21.564613 7f47e9ffb700 [/db_impl_write.cc:1865] [default] Old memtable #6 data_size 64110350 entries 54562 is replaced
2025/04/30-07:52:21.834313 7f47caff5700 [_set.cc:4383] LogAndApply called
2025/04/30-07:52:23.224169 7f47e8ff9700 [/db_impl_write.cc:1770] [default] New memtable created with log file: #3. Immutable memtables: 0.
2025/04/30-07:52:23.224201 7f47e8ff9700 [/db_impl_write.cc:1865] [default] Old memtable #7 data_size 64110350 entries 54562 is replaced
2025/04/30-07:52:23.526241 7f47caff5700 [_set.cc:4383] LogAndApply called
2025/04/30-07:52:24.867906 7f47cbff7700 [/db_impl_write.cc:1770] [default] New memtable created with log file: #3. Immutable memtables: 0.
2025/04/30-07:52:24.867939 7f47cbff7700 [/db_impl_write.cc:1865] [default] Old memtable #8 data_size 64110350 entries 54562 is replaced
2025/04/30-07:52:25.202520 7f47caff5700 [_set.cc:4383] LogAndApply called
2025/04/30-07:52:26.513644 7f47cbff7700 [/db_impl_write.cc:1770] [default] New memtable created with log file: #3. Immutable memtables: 0.
2025/04/30-07:52:26.513679 7f47cbff7700 [/db_impl_write.cc:1865] [default] Old memtable #9 data_size 64110350 entries 54562 is replaced
2025/04/30-07:52:26.776339 7f47caff5700 [_set.cc:4383] LogAndApply called
2025/04/30-07:52:28.140386 7f47e9ffb700 [/db_impl_write.cc:1770] [default] New memtable created with log file: #3. Immutable memtables: 0.
2025/04/30-07:52:28.140416 7f47e9ffb700 [/db_impl_write.cc:1865] [default] Old memtable #10 data_size 64110350 entries 54562 is replaced
2025/04/30-07:52:28.759496 7f47caff5700 [_set.cc:4383] LogAndApply called
2025/04/30-07:52:28.771182 7f47caff5700 [_set.cc:4383] LogAndApply called
2025/04/30-07:52:28.771463 7f47caff5700 [_set.cc:4383] LogAndApply called
2025/04/30-07:52:28.773269 7f47caff5700 [_set.cc:4383] LogAndApply called
2025/04/30-07:52:28.774050 7f47caff5700 [_set.cc:4383] LogAndApply called
2025/04/30-07:52:28.774366 7f47caff5700 [_set.cc:4383] LogAndApply called
2025/04/30-07:52:29.782671 7f47e8ff9700 [/db_impl_write.cc:1770] [default] New memtable created with log file: #3. Immutable memtables: 0.
2025/04/30-07:52:29.782699 7f47e8ff9700 [/db_impl_write.cc:1865] [default] Old memtable #11 data_size 64110350 entries 54562 is replaced
2025/04/30-07:52:30.060331 7f47caff5700 [_set.cc:4383] LogAndApply called
2025/04/30-07:52:31.405751 7f47cbff7700 [/db_impl_write.cc:1770] [default] New memtable created with log file: #3. Immutable memtables: 0.
2025/04/30-07:52:31.405782 7f47cbff7700 [/db_impl_write.cc:1865] [default] Old memtable #12 data_size 64110350 entries 54562 is replaced
2025/04/30-07:52:31.691199 7f47caff5700 [_set.cc:4383] LogAndApply called
2025/04/30-07:52:33.073136 7f47e97fa700 [/db_impl_write.cc:1770] [default] New memtable created with log file: #3. Immutable memtables: 0.
2025/04/30-07:52:33.073169 7f47e97fa700 [/db_impl_write.cc:1865] [default] Old memtable #13 data_size 64110350 entries 54562 is replaced
2025/04/30-07:52:33.353544 7f47caff5700 [_set.cc:4383] LogAndApply called
2025/04/30-07:52:34.683904 7f47e8ff9700 [/db_impl_write.cc:1770] [default] New memtable created with log file: #3. Immutable memtables: 0.
2025/04/30-07:52:34.683935 7f47e8ff9700 [/db_impl_write.cc:1865] [default] Old memtable #14 data_size 64110350 entries 54562 is replaced
2025/04/30-07:52:35.200690 7f47caff5700 [_set.cc:4383] LogAndApply called
2025/04/30-07:52:35.253134 7f47caff5700 [_set.cc:4383] LogAndApply called
2025/04/30-07:52:35.253453 7f47caff5700 [_set.cc:4383] LogAndApply called
2025/04/30-07:52:35.253739 7f47caff5700 [_set.cc:4383] LogAndApply called
2025/04/30-07:52:35.254011 7f47caff5700 [_set.cc:4383] LogAndApply called
2025/04/30-07:52:35.590813 7f47caff5700 [_set.cc:4383] LogAndApply called
2025/04/30-07:52:36.301226 7f47cbff7700 [/db_impl_write.cc:1770] [default] New memtable created with log file: #3. Immutable memtables: 0.
2025/04/30-07:52:36.301256 7f47cbff7700 [/db_impl_write.cc:1865] [default] Old memtable #15 data_size 64110350 entries 54562 is replaced
2025/04/30-07:52:36.647362 7f47caff5700 [_set.cc:4383] LogAndApply called
2025/04/30-07:52:37.985056 7f47e97fa700 [/db_impl_write.cc:1770] [default] New memtable created with log file: #3. Immutable memtables: 0.
2025/04/30-07:52:37.985086 7f47e97fa700 [/db_impl_write.cc:1865] [default] Old memtable #16 data_size 64111525 entries 54563 is replaced
2025/04/30-07:52:38.292698 7f47caff5700 [_set.cc:4383] LogAndApply called
2025/04/30-07:52:39.581015 7f47e9ffb700 [/db_impl_write.cc:1770] [default] New memtable created with log file: #3. Immutable memtables: 0.
2025/04/30-07:52:39.581047 7f47e9ffb700 [/db_impl_write.cc:1865] [default] Old memtable #17 data_size 64110350 entries 54562 is replaced
2025/04/30-07:52:39.956950 7f47caff5700 [_set.cc:4383] LogAndApply called
2025/04/30-07:52:41.218815 7f47cbff7700 [/db_impl_write.cc:1770] [default] New memtable created with log file: #3. Immutable memtables: 0.
2025/04/30-07:52:41.218846 7f47cbff7700 [/db_impl_write.cc:1865] [default] Old memtable #18 data_size 64110350 entries 54562 is replaced
2025/04/30-07:52:41.938818 7f47caff5700 [_set.cc:4383] LogAndApply called
2025/04/30-07:52:41.971806 7f47caff5700 [_set.cc:4383] LogAndApply called
2025/04/30-07:52:42.413712 7f47caff5700 [_set.cc:4383] LogAndApply called
2025/04/30-07:52:42.876715 7f47e8ff9700 [/db_impl_write.cc:1770] [default] New memtable created with log file: #3. Immutable memtables: 0.
2025/04/30-07:52:42.876745 7f47e8ff9700 [/db_impl_write.cc:1865] [default] Old memtable #19 data_size 64110350 entries 54562 is replaced
2025/04/30-07:52:43.229455 7f47caff5700 [_set.cc:4383] LogAndApply called
2025/04/30-07:52:43.767057 7f47caff5700 [_set.cc:4383] LogAndApply called
2025/04/30-07:52:44.510762 7f47e9ffb700 [/db_impl_write.cc:1770] [default] New memtable created with log file: #3. Immutable memtables: 0.
2025/04/30-07:52:44.510795 7f47e9ffb700 [/db_impl_write.cc:1865] [default] Old memtable #20 data_size 64110350 entries 54562 is replaced
