2025/04/30-07:52:08.777586 7fd2c7f45280 RocksDB version: 6.14.0
2025/04/30-07:52:08.777624 7fd2c7f45280 Git sha rocksdb_build_git_sha:@31b5689d16ceb9a767a7e591aecc19d2c8201995@
2025/04/30-07:52:08.777625 7fd2c7f45280 Compile date Apr 30 2025
2025/04/30-07:52:08.777653 7fd2c7f45280 DB SUMMARY
2025/04/30-07:52:08.777654 7fd2c7f45280 DB Session ID:  XV3M1LL1PF90T0J5ZIIC
2025/04/30-07:52:08.777672 7fd2c7f45280 SST files in /mnt/data/db/shard-1/sst_dir dir, Total Num: 0, files: 
2025/04/30-07:52:08.777674 7fd2c7f45280 Write Ahead Log file in /mnt/data/db/shard-1/db: 
2025/04/30-07:52:08.777675 7fd2c7f45280                         Options.error_if_exists: 0
2025/04/30-07:52:08.777676 7fd2c7f45280                       Options.create_if_missing: 1
2025/04/30-07:52:08.777677 7fd2c7f45280                         Options.paranoid_checks: 1
2025/04/30-07:52:08.777677 7fd2c7f45280                               Options.track_and_verify_wals_in_manifest: 0
2025/04/30-07:52:08.777678 7fd2c7f45280                                     Options.env: 0x55f8abdf9820
2025/04/30-07:52:08.777679 7fd2c7f45280                                      Options.fs: Posix File System
2025/04/30-07:52:08.777680 7fd2c7f45280                                Options.info_log: 0x55f8d5418ab0
2025/04/30-07:52:08.777680 7fd2c7f45280                Options.max_file_opening_threads: 16
2025/04/30-07:52:08.777681 7fd2c7f45280                              Options.statistics: 0x55f8d5413110
2025/04/30-07:52:08.777682 7fd2c7f45280                               Options.use_fsync: 0
2025/04/30-07:52:08.777682 7fd2c7f45280                       Options.max_log_file_size: 0
2025/04/30-07:52:08.777683 7fd2c7f45280                  Options.max_manifest_file_size: 1073741824
2025/04/30-07:52:08.777684 7fd2c7f45280                   Options.log_file_time_to_roll: 0
2025/04/30-07:52:08.777685 7fd2c7f45280                       Options.keep_log_file_num: 1000
2025/04/30-07:52:08.777685 7fd2c7f45280                    Options.recycle_log_file_num: 0
2025/04/30-07:52:08.777686 7fd2c7f45280                         Options.allow_fallocate: 1
2025/04/30-07:52:08.777687 7fd2c7f45280                        Options.allow_mmap_reads: 0
2025/04/30-07:52:08.777687 7fd2c7f45280                       Options.allow_mmap_writes: 0
2025/04/30-07:52:08.777688 7fd2c7f45280                        Options.use_direct_reads: 1
2025/04/30-07:52:08.777689 7fd2c7f45280                        Options.use_direct_io_for_flush_and_compaction: 1
2025/04/30-07:52:08.777689 7fd2c7f45280          Options.create_missing_column_families: 1
2025/04/30-07:52:08.777690 7fd2c7f45280                              Options.db_log_dir: 
2025/04/30-07:52:08.777691 7fd2c7f45280                                 Options.wal_dir: /mnt/data/db/shard-1/db
2025/04/30-07:52:08.777691 7fd2c7f45280                Options.table_cache_numshardbits: 6
2025/04/30-07:52:08.777692 7fd2c7f45280                         Options.WAL_ttl_seconds: 0
2025/04/30-07:52:08.777693 7fd2c7f45280                       Options.WAL_size_limit_MB: 0
2025/04/30-07:52:08.777693 7fd2c7f45280                        Options.max_write_batch_group_size_bytes: 1048576
2025/04/30-07:52:08.777694 7fd2c7f45280             Options.manifest_preallocation_size: 4194304
2025/04/30-07:52:08.777695 7fd2c7f45280                     Options.is_fd_close_on_exec: 1
2025/04/30-07:52:08.777696 7fd2c7f45280                   Options.advise_random_on_open: 1
2025/04/30-07:52:08.777696 7fd2c7f45280                    Options.db_write_buffer_size: 0
2025/04/30-07:52:08.777697 7fd2c7f45280                    Options.write_buffer_manager: 0x55f8d5463000
2025/04/30-07:52:08.777698 7fd2c7f45280         Options.access_hint_on_compaction_start: 1
2025/04/30-07:52:08.777698 7fd2c7f45280  Options.new_table_reader_for_compaction_inputs: 1
2025/04/30-07:52:08.777699 7fd2c7f45280           Options.random_access_max_buffer_size: 1048576
2025/04/30-07:52:08.777700 7fd2c7f45280                      Options.use_adaptive_mutex: 0
2025/04/30-07:52:08.777700 7fd2c7f45280                            Options.rate_limiter: (nil)
2025/04/30-07:52:08.777701 7fd2c7f45280     Options.sst_file_manager.rate_bytes_per_sec: 0
2025/04/30-07:52:08.777713 7fd2c7f45280                       Options.wal_recovery_mode: 2
2025/04/30-07:52:08.777714 7fd2c7f45280                  Options.enable_thread_tracking: 0
2025/04/30-07:52:08.777715 7fd2c7f45280                  Options.enable_pipelined_write: 0
2025/04/30-07:52:08.777715 7fd2c7f45280                  Options.unordered_write: 0
2025/04/30-07:52:08.777716 7fd2c7f45280         Options.allow_concurrent_memtable_write: 1
2025/04/30-07:52:08.777717 7fd2c7f45280      Options.enable_write_thread_adaptive_yield: 1
2025/04/30-07:52:08.777717 7fd2c7f45280             Options.write_thread_max_yield_usec: 100
2025/04/30-07:52:08.777718 7fd2c7f45280            Options.write_thread_slow_yield_usec: 3
2025/04/30-07:52:08.777719 7fd2c7f45280                               Options.row_cache: None
2025/04/30-07:52:08.777720 7fd2c7f45280                              Options.wal_filter: None
2025/04/30-07:52:08.777720 7fd2c7f45280             Options.avoid_flush_during_recovery: 0
2025/04/30-07:52:08.777721 7fd2c7f45280             Options.allow_ingest_behind: 0
2025/04/30-07:52:08.777722 7fd2c7f45280             Options.preserve_deletes: 0
2025/04/30-07:52:08.777722 7fd2c7f45280             Options.two_write_queues: 0
2025/04/30-07:52:08.777723 7fd2c7f45280             Options.manual_wal_flush: 0
2025/04/30-07:52:08.777723 7fd2c7f45280             Options.atomic_flush: 0
2025/04/30-07:52:08.777724 7fd2c7f45280             Options.avoid_unnecessary_blocking_io: 0
2025/04/30-07:52:08.777725 7fd2c7f45280                 Options.persist_stats_to_disk: 0
2025/04/30-07:52:08.777725 7fd2c7f45280                 Options.write_dbid_to_manifest: 0
2025/04/30-07:52:08.777726 7fd2c7f45280                 Options.log_readahead_size: 0
2025/04/30-07:52:08.777727 7fd2c7f45280                 Options.file_checksum_gen_factory: Unknown
2025/04/30-07:52:08.777728 7fd2c7f45280                 Options.best_efforts_recovery: 0
2025/04/30-07:52:08.777728 7fd2c7f45280                Options.max_bgerror_resume_count: 2147483647
2025/04/30-07:52:08.777729 7fd2c7f45280            Options.bgerror_resume_retry_interval: 1000000
2025/04/30-07:52:08.777730 7fd2c7f45280             Options.allow_data_in_errors: 0
2025/04/30-07:52:08.777730 7fd2c7f45280             Options.db_host_id: __hostname__
2025/04/30-07:52:08.777731 7fd2c7f45280             Options.max_background_jobs: 4
2025/04/30-07:52:08.777732 7fd2c7f45280             Options.max_background_compactions: 3
2025/04/30-07:52:08.777732 7fd2c7f45280             Options.max_subcompactions: 1
2025/04/30-07:52:08.777733 7fd2c7f45280             Options.avoid_flush_during_shutdown: 0
2025/04/30-07:52:08.777734 7fd2c7f45280           Options.writable_file_max_buffer_size: 1048576
2025/04/30-07:52:08.777734 7fd2c7f45280             Options.delayed_write_rate : 16777216
2025/04/30-07:52:08.777735 7fd2c7f45280             Options.max_total_wal_size: 0
2025/04/30-07:52:08.777736 7fd2c7f45280             Options.delete_obsolete_files_period_micros: 21600000000
2025/04/30-07:52:08.777737 7fd2c7f45280                   Options.stats_dump_period_sec: 60
2025/04/30-07:52:08.777737 7fd2c7f45280                 Options.stats_persist_period_sec: 600
2025/04/30-07:52:08.777738 7fd2c7f45280                 Options.stats_history_buffer_size: 1048576
2025/04/30-07:52:08.777739 7fd2c7f45280                          Options.max_open_files: -1
2025/04/30-07:52:08.777739 7fd2c7f45280                          Options.bytes_per_sync: 0
2025/04/30-07:52:08.777740 7fd2c7f45280                      Options.wal_bytes_per_sync: 0
2025/04/30-07:52:08.777741 7fd2c7f45280                   Options.strict_bytes_per_sync: 0
2025/04/30-07:52:08.777741 7fd2c7f45280       Options.compaction_readahead_size: 2097152
2025/04/30-07:52:08.777742 7fd2c7f45280                  Options.max_background_flushes: 1
2025/04/30-07:52:08.777743 7fd2c7f45280 Compression algorithms supported:
2025/04/30-07:52:08.777744 7fd2c7f45280 	kZSTDNotFinalCompression supported: 0
2025/04/30-07:52:08.777745 7fd2c7f45280 	kZSTD supported: 0
2025/04/30-07:52:08.777749 7fd2c7f45280 	kXpressCompression supported: 0
2025/04/30-07:52:08.777750 7fd2c7f45280 	kLZ4HCCompression supported: 0
2025/04/30-07:52:08.777751 7fd2c7f45280 	kLZ4Compression supported: 0
2025/04/30-07:52:08.777752 7fd2c7f45280 	kBZip2Compression supported: 0
2025/04/30-07:52:08.777753 7fd2c7f45280 	kZlibCompression supported: 0
2025/04/30-07:52:08.777753 7fd2c7f45280 	kSnappyCompression supported: 0
2025/04/30-07:52:08.777755 7fd2c7f45280 Fast CRC32 supported: Supported on x86
2025/04/30-07:52:08.777982 7fd2c7f45280 [/db_impl_open.cc:285] Creating manifest 1 
2025/04/30-07:52:08.778522 7fd2c7f45280 [_set.cc:4816] Recovering from manifest file: /mnt/data/db/shard-1/db/MANIFEST-000001
2025/04/30-07:52:08.778625 7fd2c7f45280 [family.cc:605] --------------- Options for column family [default]:
2025/04/30-07:52:08.778627 7fd2c7f45280               Options.comparator: leveldb.BytewiseComparator
2025/04/30-07:52:08.778628 7fd2c7f45280           Options.merge_operator: None
2025/04/30-07:52:08.778629 7fd2c7f45280        Options.compaction_filter: None
2025/04/30-07:52:08.778629 7fd2c7f45280        Options.compaction_filter_factory: None
2025/04/30-07:52:08.778630 7fd2c7f45280  Options.sst_partitioner_factory: None
2025/04/30-07:52:08.778631 7fd2c7f45280         Options.memtable_factory: SkipListFactory
2025/04/30-07:52:08.778632 7fd2c7f45280            Options.table_factory: BlockBasedTable
2025/04/30-07:52:08.778650 7fd2c7f45280            table_factory options:   flush_block_policy_factory: FlushBlockBySizePolicyFactory (0x55f8d5413c00)
  cache_index_and_filter_blocks: 0
  cache_index_and_filter_blocks_with_high_priority: 1
  pin_l0_filter_and_index_blocks_in_cache: 0
  pin_top_level_index_and_filter: 1
  index_type: 0
  data_block_index_type: 0
  index_shortening: 1
  data_block_hash_table_util_ratio: 0.750000
  hash_index_allow_collision: 1
  checksum: 1
  no_block_cache: 0
  block_cache: 0x55f8d5415460
  block_cache_name: LRUCache
  block_cache_options:
    capacity : 2147483648
    num_shard_bits : 6
    strict_capacity_limit : 0
    memory_allocator : None
    high_pri_pool_ratio: 0.000
  block_cache_compressed: (nil)
  persistent_cache: (nil)
  block_size: 4096
  block_size_deviation: 10
  block_restart_interval: 16
  index_block_restart_interval: 1
  metadata_block_size: 4096
  partition_filters: 0
  use_delta_encoding: 1
  filter_policy: rocksdb.BuiltinBloomFilter
  whole_key_filtering: 1
  verify_compression: 0
  read_amp_bytes_per_bit: 0
  format_version: 4
  enable_index_compression: 1
  block_align: 0
2025/04/30-07:52:08.778651 7fd2c7f45280        Options.write_buffer_size: 67108864
2025/04/30-07:52:08.778652 7fd2c7f45280  Options.max_write_buffer_number: 64
2025/04/30-07:52:08.778653 7fd2c7f45280        Options.compression[0]: NoCompression
2025/04/30-07:52:08.778654 7fd2c7f45280        Options.compression[1]: NoCompression
2025/04/30-07:52:08.778655 7fd2c7f45280        Options.compression[2]: NoCompression
2025/04/30-07:52:08.778656 7fd2c7f45280        Options.compression[3]: NoCompression
2025/04/30-07:52:08.778657 7fd2c7f45280        Options.compression[4]: NoCompression
2025/04/30-07:52:08.778657 7fd2c7f45280                  Options.bottommost_compression: Disabled
2025/04/30-07:52:08.778658 7fd2c7f45280       Options.prefix_extractor: nullptr
2025/04/30-07:52:08.778659 7fd2c7f45280   Options.memtable_insert_with_hint_prefix_extractor: nullptr
2025/04/30-07:52:08.778659 7fd2c7f45280             Options.num_levels: 5
2025/04/30-07:52:08.778660 7fd2c7f45280        Options.min_write_buffer_number_to_merge: 1
2025/04/30-07:52:08.778661 7fd2c7f45280     Options.max_write_buffer_number_to_maintain: 0
2025/04/30-07:52:08.778662 7fd2c7f45280     Options.max_write_buffer_size_to_maintain: 0
2025/04/30-07:52:08.778662 7fd2c7f45280            Options.bottommost_compression_opts.window_bits: -14
2025/04/30-07:52:08.778663 7fd2c7f45280                  Options.bottommost_compression_opts.level: 32767
2025/04/30-07:52:08.778664 7fd2c7f45280               Options.bottommost_compression_opts.strategy: 0
2025/04/30-07:52:08.778673 7fd2c7f45280         Options.bottommost_compression_opts.max_dict_bytes: 0
2025/04/30-07:52:08.778673 7fd2c7f45280         Options.bottommost_compression_opts.zstd_max_train_bytes: 0
2025/04/30-07:52:08.778674 7fd2c7f45280         Options.bottommost_compression_opts.parallel_threads: 1
2025/04/30-07:52:08.778675 7fd2c7f45280                  Options.bottommost_compression_opts.enabled: false
2025/04/30-07:52:08.778676 7fd2c7f45280            Options.compression_opts.window_bits: -14
2025/04/30-07:52:08.778676 7fd2c7f45280                  Options.compression_opts.level: 32767
2025/04/30-07:52:08.778677 7fd2c7f45280               Options.compression_opts.strategy: 0
2025/04/30-07:52:08.778678 7fd2c7f45280         Options.compression_opts.max_dict_bytes: 0
2025/04/30-07:52:08.778678 7fd2c7f45280         Options.compression_opts.zstd_max_train_bytes: 0
2025/04/30-07:52:08.778679 7fd2c7f45280         Options.compression_opts.parallel_threads: 1
2025/04/30-07:52:08.778680 7fd2c7f45280                  Options.compression_opts.enabled: false
2025/04/30-07:52:08.778680 7fd2c7f45280      Options.level0_file_num_compaction_trigger: 4
2025/04/30-07:52:08.778681 7fd2c7f45280          Options.level0_slowdown_writes_trigger: 20
2025/04/30-07:52:08.778682 7fd2c7f45280              Options.level0_stop_writes_trigger: 36
2025/04/30-07:52:08.778682 7fd2c7f45280                   Options.target_file_size_base: 67108864
2025/04/30-07:52:08.778683 7fd2c7f45280             Options.target_file_size_multiplier: 1
2025/04/30-07:52:08.778684 7fd2c7f45280                Options.max_bytes_for_level_base: 268435456
2025/04/30-07:52:08.778684 7fd2c7f45280 Options.level_compaction_dynamic_level_bytes: 0
2025/04/30-07:52:08.778685 7fd2c7f45280          Options.max_bytes_for_level_multiplier: 10.000000
2025/04/30-07:52:08.778687 7fd2c7f45280 Options.max_bytes_for_level_multiplier_addtl[0]: 1
2025/04/30-07:52:08.778688 7fd2c7f45280 Options.max_bytes_for_level_multiplier_addtl[1]: 1
2025/04/30-07:52:08.778688 7fd2c7f45280 Options.max_bytes_for_level_multiplier_addtl[2]: 1
2025/04/30-07:52:08.778689 7fd2c7f45280 Options.max_bytes_for_level_multiplier_addtl[3]: 1
2025/04/30-07:52:08.778690 7fd2c7f45280 Options.max_bytes_for_level_multiplier_addtl[4]: 1
2025/04/30-07:52:08.778690 7fd2c7f45280 Options.max_bytes_for_level_multiplier_addtl[5]: 1
2025/04/30-07:52:08.778691 7fd2c7f45280 Options.max_bytes_for_level_multiplier_addtl[6]: 1
2025/04/30-07:52:08.778692 7fd2c7f45280       Options.max_sequential_skip_in_iterations: 8
2025/04/30-07:52:08.778692 7fd2c7f45280                    Options.max_compaction_bytes: 1677721600
2025/04/30-07:52:08.778693 7fd2c7f45280                        Options.arena_block_size: 8388608
2025/04/30-07:52:08.778694 7fd2c7f45280   Options.soft_pending_compaction_bytes_limit: 68719476736
2025/04/30-07:52:08.778694 7fd2c7f45280   Options.hard_pending_compaction_bytes_limit: 274877906944
2025/04/30-07:52:08.778695 7fd2c7f45280       Options.rate_limit_delay_max_milliseconds: 100
2025/04/30-07:52:08.778696 7fd2c7f45280                Options.disable_auto_compactions: 0
2025/04/30-07:52:08.778697 7fd2c7f45280                        Options.compaction_style: kCompactionStyleLevel
2025/04/30-07:52:08.778698 7fd2c7f45280                          Options.compaction_pri: kMinOverlappingRatio
2025/04/30-07:52:08.778699 7fd2c7f45280 Options.compaction_options_universal.size_ratio: 1
2025/04/30-07:52:08.778700 7fd2c7f45280 Options.compaction_options_universal.min_merge_width: 2
2025/04/30-07:52:08.778700 7fd2c7f45280 Options.compaction_options_universal.max_merge_width: 4294967295
2025/04/30-07:52:08.778701 7fd2c7f45280 Options.compaction_options_universal.max_size_amplification_percent: 200
2025/04/30-07:52:08.778702 7fd2c7f45280 Options.compaction_options_universal.compression_size_percent: -1
2025/04/30-07:52:08.778703 7fd2c7f45280 Options.compaction_options_universal.stop_style: kCompactionStopStyleTotalSize
2025/04/30-07:52:08.778704 7fd2c7f45280 Options.compaction_options_fifo.max_table_files_size: 1073741824
2025/04/30-07:52:08.778707 7fd2c7f45280 Options.compaction_options_fifo.allow_compaction: 0
2025/04/30-07:52:08.778710 7fd2c7f45280                   Options.table_properties_collectors: 
2025/04/30-07:52:08.778711 7fd2c7f45280                   Options.inplace_update_support: 0
2025/04/30-07:52:08.778712 7fd2c7f45280                 Options.inplace_update_num_locks: 10000
2025/04/30-07:52:08.778712 7fd2c7f45280               Options.memtable_prefix_bloom_size_ratio: 0.000000
2025/04/30-07:52:08.778713 7fd2c7f45280               Options.memtable_whole_key_filtering: 0
2025/04/30-07:52:08.778714 7fd2c7f45280   Options.memtable_huge_page_size: 0
2025/04/30-07:52:08.778715 7fd2c7f45280                           Options.bloom_locality: 0
2025/04/30-07:52:08.778715 7fd2c7f45280                    Options.max_successive_merges: 0
2025/04/30-07:52:08.778716 7fd2c7f45280                Options.optimize_filters_for_hits: 0
2025/04/30-07:52:08.778717 7fd2c7f45280                Options.paranoid_file_checks: 0
2025/04/30-07:52:08.778717 7fd2c7f45280                Options.force_consistency_checks: 1
2025/04/30-07:52:08.778718 7fd2c7f45280                Options.report_bg_io_stats: 0
2025/04/30-07:52:08.778719 7fd2c7f45280                               Options.ttl: 2592000
2025/04/30-07:52:08.778719 7fd2c7f45280          Options.periodic_compaction_seconds: 0
2025/04/30-07:52:08.778720 7fd2c7f45280                    Options.enable_blob_files: false
2025/04/30-07:52:08.778721 7fd2c7f45280                        Options.min_blob_size: 0
2025/04/30-07:52:08.778721 7fd2c7f45280                       Options.blob_file_size: 268435456
2025/04/30-07:52:08.778722 7fd2c7f45280                Options.blob_compression_type: NoCompression
2025/04/30-07:52:08.784619 7fd2c7f45280 [_set.cc:4965] Recovered from manifest file:/mnt/data/db/shard-1/db/MANIFEST-000001 succeeded,manifest_file_number is 1, next_file_number is 3, last_sequence is 0, log_number is 0,prev_log_number is 0,max_column_family is 0,min_log_number_to_keep is 0
2025/04/30-07:52:08.784625 7fd2c7f45280 [_set.cc:4981] Column family [default] (ID 0), log number is 0
2025/04/30-07:52:08.786248 7fd2c7f45280 [/db_impl_open.cc:1732] SstFileManager instance 0x55f8d5463170
2025/04/30-07:52:08.786261 7fd2c7f45280 DB pointer 0x55f8d545e590
2025/04/30-07:52:08.786436 7fd2897fa700 [/db_impl.cc:907] Load kCFStatsNoFileHistogram
2025/04/30-07:52:08.786510 7fd2897fa700 [/db_impl.cc:914] Load kCFFileHistogram
2025/04/30-07:52:08.786553 7fd2897fa700 [/db_impl.cc:921] Load kCFStats
2025/04/30-07:52:08.786595 7fd2897fa700 [/db_impl.cc:929] ------- DUMPING STATS -------
2025/04/30-07:52:08.786596 7fd2897fa700 [/db_impl.cc:931] 
** File Read Latency Histogram By Level [default] **
2025/04/30-07:52:08.803505 7fd2897fa700 [/db_impl.cc:705] STATISTICS:
 rocksdb.block.cache.miss COUNT : 0
rocksdb.block.cache.hit COUNT : 0
rocksdb.block.cache.add COUNT : 0
rocksdb.block.cache.add.failures COUNT : 0
rocksdb.block.cache.index.miss COUNT : 0
rocksdb.block.cache.index.hit COUNT : 0
rocksdb.block.cache.index.add COUNT : 0
rocksdb.block.cache.index.bytes.insert COUNT : 0
rocksdb.block.cache.index.bytes.evict COUNT : 0
rocksdb.block.cache.filter.miss COUNT : 0
rocksdb.block.cache.filter.hit COUNT : 0
rocksdb.block.cache.filter.add COUNT : 0
rocksdb.block.cache.filter.bytes.insert COUNT : 0
rocksdb.block.cache.filter.bytes.evict COUNT : 0
rocksdb.block.cache.data.miss COUNT : 0
rocksdb.block.cache.data.hit COUNT : 0
rocksdb.block.cache.data.add COUNT : 0
rocksdb.block.cache.data.bytes.insert COUNT : 0
rocksdb.block.cache.bytes.read COUNT : 0
rocksdb.block.cache.bytes.write COUNT : 0
rocksdb.bloom.filter.useful COUNT : 0
rocksdb.bloom.filter.full.positive COUNT : 0
rocksdb.bloom.filter.full.true.positive COUNT : 0
rocksdb.bloom.filter.micros COUNT : 0
rocksdb.persistent.cache.hit COUNT : 0
rocksdb.persistent.cache.miss COUNT : 0
rocksdb.sim.block.cache.hit COUNT : 0
rocksdb.sim.block.cache.miss COUNT : 0
rocksdb.memtable.hit COUNT : 0
rocksdb.memtable.miss COUNT : 0
rocksdb.l0.hit COUNT : 0
rocksdb.l1.hit COUNT : 0
rocksdb.l2andup.hit COUNT : 0
rocksdb.compaction.key.drop.new COUNT : 0
rocksdb.compaction.key.drop.obsolete COUNT : 0
rocksdb.compaction.key.drop.range_del COUNT : 0
rocksdb.compaction.key.drop.user COUNT : 0
rocksdb.compaction.range_del.drop.obsolete COUNT : 0
rocksdb.compaction.optimized.del.drop.obsolete COUNT : 0
rocksdb.compaction.cancelled COUNT : 0
rocksdb.number.keys.written COUNT : 0
rocksdb.number.keys.read COUNT : 0
rocksdb.number.keys.updated COUNT : 0
rocksdb.bytes.written COUNT : 0
rocksdb.bytes.read COUNT : 0
rocksdb.number.db.seek COUNT : 0
rocksdb.number.db.next COUNT : 0
rocksdb.number.db.prev COUNT : 0
rocksdb.number.db.seek.found COUNT : 0
rocksdb.number.db.next.found COUNT : 0
rocksdb.number.db.prev.found COUNT : 0
rocksdb.db.iter.bytes.read COUNT : 0
rocksdb.no.file.closes COUNT : 0
rocksdb.no.file.opens COUNT : 0
rocksdb.no.file.errors COUNT : 0
rocksdb.l0.slowdown.micros COUNT : 0
rocksdb.memtable.compaction.micros COUNT : 0
rocksdb.l0.num.files.stall.micros COUNT : 0
rocksdb.stall.micros COUNT : 0
rocksdb.db.mutex.wait.micros COUNT : 0
rocksdb.rate.limit.delay.millis COUNT : 0
rocksdb.num.iterators COUNT : 0
rocksdb.number.multiget.get COUNT : 0
rocksdb.number.multiget.keys.read COUNT : 0
rocksdb.number.multiget.bytes.read COUNT : 0
rocksdb.number.deletes.filtered COUNT : 0
rocksdb.number.merge.failures COUNT : 0
rocksdb.bloom.filter.prefix.checked COUNT : 0
rocksdb.bloom.filter.prefix.useful COUNT : 0
rocksdb.number.reseeks.iteration COUNT : 0
rocksdb.getupdatessince.calls COUNT : 0
rocksdb.block.cachecompressed.miss COUNT : 0
rocksdb.block.cachecompressed.hit COUNT : 0
rocksdb.block.cachecompressed.add COUNT : 0
rocksdb.block.cachecompressed.add.failures COUNT : 0
rocksdb.wal.synced COUNT : 0
rocksdb.wal.bytes COUNT : 0
rocksdb.write.self COUNT : 0
rocksdb.write.other COUNT : 0
rocksdb.write.timeout COUNT : 0
rocksdb.write.wal COUNT : 0
rocksdb.compact.read.bytes COUNT : 0
rocksdb.compact.write.bytes COUNT : 0
rocksdb.flush.write.bytes COUNT : 0
rocksdb.compact.read.marked.bytes COUNT : 0
rocksdb.compact.read.periodic.bytes COUNT : 0
rocksdb.compact.read.ttl.bytes COUNT : 0
rocksdb.compact.write.marked.bytes COUNT : 0
rocksdb.compact.write.periodic.bytes COUNT : 0
rocksdb.compact.write.ttl.bytes COUNT : 0
rocksdb.number.direct.load.table.properties COUNT : 0
rocksdb.number.superversion_acquires COUNT : 0
rocksdb.number.superversion_releases COUNT : 0
rocksdb.number.superversion_cleanups COUNT : 0
rocksdb.number.block.compressed COUNT : 0
rocksdb.number.block.decompressed COUNT : 0
rocksdb.number.block.not_compressed COUNT : 0
rocksdb.merge.operation.time.nanos COUNT : 0
rocksdb.filter.operation.time.nanos COUNT : 0
rocksdb.row.cache.hit COUNT : 0
rocksdb.row.cache.miss COUNT : 0
rocksdb.read.amp.estimate.useful.bytes COUNT : 0
rocksdb.read.amp.total.read.bytes COUNT : 0
rocksdb.number.rate_limiter.drains COUNT : 0
rocksdb.number.iter.skip COUNT : 0
rocksdb.blobdb.num.put COUNT : 0
rocksdb.blobdb.num.write COUNT : 0
rocksdb.blobdb.num.get COUNT : 0
rocksdb.blobdb.num.multiget COUNT : 0
rocksdb.blobdb.num.seek COUNT : 0
rocksdb.blobdb.num.next COUNT : 0
rocksdb.blobdb.num.prev COUNT : 0
rocksdb.blobdb.num.keys.written COUNT : 0
rocksdb.blobdb.num.keys.read COUNT : 0
rocksdb.blobdb.bytes.written COUNT : 0
rocksdb.blobdb.bytes.read COUNT : 0
rocksdb.blobdb.write.inlined COUNT : 0
rocksdb.blobdb.write.inlined.ttl COUNT : 0
rocksdb.blobdb.write.blob COUNT : 0
rocksdb.blobdb.write.blob.ttl COUNT : 0
rocksdb.blobdb.blob.file.bytes.written COUNT : 0
rocksdb.blobdb.blob.file.bytes.read COUNT : 0
rocksdb.blobdb.blob.file.synced COUNT : 0
rocksdb.blobdb.blob.index.expired.count COUNT : 0
rocksdb.blobdb.blob.index.expired.size COUNT : 0
rocksdb.blobdb.blob.index.evicted.count COUNT : 0
rocksdb.blobdb.blob.index.evicted.size COUNT : 0
rocksdb.blobdb.gc.num.files COUNT : 0
rocksdb.blobdb.gc.num.new.files COUNT : 0
rocksdb.blobdb.gc.failures COUNT : 0
rocksdb.blobdb.gc.num.keys.overwritten COUNT : 0
rocksdb.blobdb.gc.num.keys.expired COUNT : 0
rocksdb.blobdb.gc.num.keys.relocated COUNT : 0
rocksdb.blobdb.gc.bytes.overwritten COUNT : 0
rocksdb.blobdb.gc.bytes.expired COUNT : 0
rocksdb.blobdb.gc.bytes.relocated COUNT : 0
rocksdb.blobdb.fifo.num.files.evicted COUNT : 0
rocksdb.blobdb.fifo.num.keys.evicted COUNT : 0
rocksdb.blobdb.fifo.bytes.evicted COUNT : 0
rocksdb.txn.overhead.mutex.prepare COUNT : 0
rocksdb.txn.overhead.mutex.old.commit.map COUNT : 0
rocksdb.txn.overhead.duplicate.key COUNT : 0
rocksdb.txn.overhead.mutex.snapshot COUNT : 0
rocksdb.txn.get.tryagain COUNT : 0
rocksdb.number.multiget.keys.found COUNT : 0
rocksdb.num.iterator.created COUNT : 0
rocksdb.num.iterator.deleted COUNT : 0
rocksdb.block.cache.compression.dict.miss COUNT : 0
rocksdb.block.cache.compression.dict.hit COUNT : 0
rocksdb.block.cache.compression.dict.add COUNT : 0
rocksdb.block.cache.compression.dict.bytes.insert COUNT : 0
rocksdb.block.cache.compression.dict.bytes.evict COUNT : 0
rocksdb.block.cache.add.redundant COUNT : 0
rocksdb.block.cache.index.add.redundant COUNT : 0
rocksdb.block.cache.filter.add.redundant COUNT : 0
rocksdb.block.cache.data.add.redundant COUNT : 0
rocksdb.block.cache.compression.dict.add.redundant COUNT : 0
rocksdb.files.marked.trash COUNT : 0
rocksdb.files.deleted.immediately COUNT : 0
rocksdb.files.touched COUNT : 0
rocksdb.db.get.micros P50 : 0.000000 P95 : 0.000000 P99 : 0.000000 P100 : 0.000000 COUNT : 0 SUM : 0
rocksdb.db.write.micros P50 : 0.000000 P95 : 0.000000 P99 : 0.000000 P100 : 0.000000 COUNT : 0 SUM : 0
rocksdb.compaction.times.micros P50 : 0.000000 P95 : 0.000000 P99 : 0.000000 P100 : 0.000000 COUNT : 0 SUM : 0
rocksdb.compaction.times.cpu_micros P50 : 0.000000 P95 : 0.000000 P99 : 0.000000 P100 : 0.000000 COUNT : 0 SUM : 0
rocksdb.subcompaction.setup.times.micros P50 : 0.000000 P95 : 0.000000 P99 : 0.000000 P100 : 0.000000 COUNT : 0 SUM : 0
rocksdb.table.sync.micros P50 : 0.000000 P95 : 0.000000 P99 : 0.000000 P100 : 0.000000 COUNT : 0 SUM : 0
rocksdb.compaction.outfile.sync.micros P50 : 0.000000 P95 : 0.000000 P99 : 0.000000 P100 : 0.000000 COUNT : 0 SUM : 0
rocksdb.wal.file.sync.micros P50 : 0.000000 P95 : 0.000000 P99 : 0.000000 P100 : 0.000000 COUNT : 0 SUM : 0
rocksdb.manifest.file.sync.micros P50 : 79.000000 P95 : 79.000000 P99 : 79.000000 P100 : 79.000000 COUNT : 1 SUM : 79
rocksdb.table.open.io.micros P50 : 0.000000 P95 : 0.000000 P99 : 0.000000 P100 : 0.000000 COUNT : 0 SUM : 0
rocksdb.db.multiget.micros P50 : 0.000000 P95 : 0.000000 P99 : 0.000000 P100 : 0.000000 COUNT : 0 SUM : 0
rocksdb.read.block.compaction.micros P50 : 0.000000 P95 : 0.000000 P99 : 0.000000 P100 : 0.000000 COUNT : 0 SUM : 0
rocksdb.read.block.get.micros P50 : 0.000000 P95 : 0.000000 P99 : 0.000000 P100 : 0.000000 COUNT : 0 SUM : 0
rocksdb.write.raw.block.micros P50 : 0.000000 P95 : 0.000000 P99 : 0.000000 P100 : 0.000000 COUNT : 0 SUM : 0
rocksdb.l0.slowdown.count P50 : 0.000000 P95 : 0.000000 P99 : 0.000000 P100 : 0.000000 COUNT : 0 SUM : 0
rocksdb.memtable.compaction.count P50 : 0.000000 P95 : 0.000000 P99 : 0.000000 P100 : 0.000000 COUNT : 0 SUM : 0
rocksdb.num.files.stall.count P50 : 0.000000 P95 : 0.000000 P99 : 0.000000 P100 : 0.000000 COUNT : 0 SUM : 0
rocksdb.hard.rate.limit.delay.count P50 : 0.000000 P95 : 0.000000 P99 : 0.000000 P100 : 0.000000 COUNT : 0 SUM : 0
rocksdb.soft.rate.limit.delay.count P50 : 0.000000 P95 : 0.000000 P99 : 0.000000 P100 : 0.000000 COUNT : 0 SUM : 0
rocksdb.numfiles.in.singlecompaction P50 : 0.000000 P95 : 0.000000 P99 : 0.000000 P100 : 0.000000 COUNT : 0 SUM : 0
rocksdb.db.seek.micros P50 : 0.000000 P95 : 0.000000 P99 : 0.000000 P100 : 0.000000 COUNT : 0 SUM : 0
rocksdb.db.write.stall P50 : 0.000000 P95 : 0.000000 P99 : 0.000000 P100 : 0.000000 COUNT : 0 SUM : 0
rocksdb.sst.read.micros P50 : 0.000000 P95 : 0.000000 P99 : 0.000000 P100 : 0.000000 COUNT : 0 SUM : 0
rocksdb.num.subcompactions.scheduled P50 : 0.000000 P95 : 0.000000 P99 : 0.000000 P100 : 0.000000 COUNT : 0 SUM : 0
rocksdb.bytes.per.read P50 : 0.000000 P95 : 0.000000 P99 : 0.000000 P100 : 0.000000 COUNT : 0 SUM : 0
rocksdb.bytes.per.write P50 : 0.000000 P95 : 0.000000 P99 : 0.000000 P100 : 0.000000 COUNT : 0 SUM : 0
rocksdb.bytes.per.multiget P50 : 0.000000 P95 : 0.000000 P99 : 0.000000 P100 : 0.000000 COUNT : 0 SUM : 0
rocksdb.bytes.compressed P50 : 0.000000 P95 : 0.000000 P99 : 0.000000 P100 : 0.000000 COUNT : 0 SUM : 0
rocksdb.bytes.decompressed P50 : 0.000000 P95 : 0.000000 P99 : 0.000000 P100 : 0.000000 COUNT : 0 SUM : 0
rocksdb.compression.times.nanos P50 : 0.000000 P95 : 0.000000 P99 : 0.000000 P100 : 0.000000 COUNT : 0 SUM : 0
rocksdb.decompression.times.nanos P50 : 0.000000 P95 : 0.000000 P99 : 0.000000 P100 : 0.000000 COUNT : 0 SUM : 0
rocksdb.read.num.merge_operands P50 : 0.000000 P95 : 0.000000 P99 : 0.000000 P100 : 0.000000 COUNT : 0 SUM : 0
rocksdb.blobdb.key.size P50 : 0.000000 P95 : 0.000000 P99 : 0.000000 P100 : 0.000000 COUNT : 0 SUM : 0
rocksdb.blobdb.value.size P50 : 0.000000 P95 : 0.000000 P99 : 0.000000 P100 : 0.000000 COUNT : 0 SUM : 0
rocksdb.blobdb.write.micros P50 : 0.000000 P95 : 0.000000 P99 : 0.000000 P100 : 0.000000 COUNT : 0 SUM : 0
rocksdb.blobdb.get.micros P50 : 0.000000 P95 : 0.000000 P99 : 0.000000 P100 : 0.000000 COUNT : 0 SUM : 0
rocksdb.blobdb.multiget.micros P50 : 0.000000 P95 : 0.000000 P99 : 0.000000 P100 : 0.000000 COUNT : 0 SUM : 0
rocksdb.blobdb.seek.micros P50 : 0.000000 P95 : 0.000000 P99 : 0.000000 P100 : 0.000000 COUNT : 0 SUM : 0
rocksdb.blobdb.next.micros P50 : 0.000000 P95 : 0.000000 P99 : 0.000000 P100 : 0.000000 COUNT : 0 SUM : 0
rocksdb.blobdb.prev.micros P50 : 0.000000 P95 : 0.000000 P99 : 0.000000 P100 : 0.000000 COUNT : 0 SUM : 0
rocksdb.blobdb.blob.file.write.micros P50 : 0.000000 P95 : 0.000000 P99 : 0.000000 P100 : 0.000000 COUNT : 0 SUM : 0
rocksdb.blobdb.blob.file.read.micros P50 : 0.000000 P95 : 0.000000 P99 : 0.000000 P100 : 0.000000 COUNT : 0 SUM : 0
rocksdb.blobdb.blob.file.sync.micros P50 : 0.000000 P95 : 0.000000 P99 : 0.000000 P100 : 0.000000 COUNT : 0 SUM : 0
rocksdb.blobdb.gc.micros P50 : 0.000000 P95 : 0.000000 P99 : 0.000000 P100 : 0.000000 COUNT : 0 SUM : 0
rocksdb.blobdb.compression.micros P50 : 0.000000 P95 : 0.000000 P99 : 0.000000 P100 : 0.000000 COUNT : 0 SUM : 0
rocksdb.blobdb.decompression.micros P50 : 0.000000 P95 : 0.000000 P99 : 0.000000 P100 : 0.000000 COUNT : 0 SUM : 0
rocksdb.db.flush.micros P50 : 0.000000 P95 : 0.000000 P99 : 0.000000 P100 : 0.000000 COUNT : 0 SUM : 0
rocksdb.sst.batch.size P50 : 0.000000 P95 : 0.000000 P99 : 0.000000 P100 : 0.000000 COUNT : 0 SUM : 0
rocksdb.num.index.and.filter.blocks.read.per.level P50 : 0.000000 P95 : 0.000000 P99 : 0.000000 P100 : 0.000000 COUNT : 0 SUM : 0
rocksdb.num.data.blocks.read.per.level P50 : 0.000000 P95 : 0.000000 P99 : 0.000000 P100 : 0.000000 COUNT : 0 SUM : 0
rocksdb.num.sst.read.per.level P50 : 0.000000 P95 : 0.000000 P99 : 0.000000 P100 : 0.000000 COUNT : 0 SUM : 0
2025/04/30-07:52:09.787896 7fd2897fa700 [/db_impl.cc:765] ------- PERSISTING STATS -------
2025/04/30-07:52:09.787904 7fd2897fa700 [/db_impl.cc:832] [Pre-GC] In-memory stats history size: 48 bytes, slice count: 0
2025/04/30-07:52:09.787906 7fd2897fa700 [/db_impl.cc:841] [Post-GC] In-memory stats history size: 48 bytes, slice count: 0
2025/04/30-07:52:13.439064 7fd28affd700 [/db_impl_write.cc:1770] [default] New memtable created with log file: #3. Immutable memtables: 0.
2025/04/30-07:52:13.439096 7fd28affd700 [/db_impl_write.cc:1865] [default] Old memtable #1 data_size 64112700 entries 54564 is replaced
2025/04/30-07:52:13.660542 7fd289ffb700 [_set.cc:4383] LogAndApply called
2025/04/30-07:52:13.662300 7fd289ffb700 [_set.cc:4118] Creating manifest 7
2025/04/30-07:52:15.073472 7fd2acff9700 [/db_impl_write.cc:1770] [default] New memtable created with log file: #3. Immutable memtables: 0.
2025/04/30-07:52:15.073506 7fd2acff9700 [/db_impl_write.cc:1865] [default] Old memtable #2 data_size 64111525 entries 54563 is replaced
2025/04/30-07:52:15.347975 7fd289ffb700 [_set.cc:4383] LogAndApply called
2025/04/30-07:52:16.686190 7fd293fff700 [/db_impl_write.cc:1770] [default] New memtable created with log file: #3. Immutable memtables: 0.
2025/04/30-07:52:16.686220 7fd293fff700 [/db_impl_write.cc:1865] [default] Old memtable #3 data_size 64110350 entries 54562 is replaced
2025/04/30-07:52:16.925277 7fd289ffb700 [_set.cc:4383] LogAndApply called
2025/04/30-07:52:18.338179 7fd293fff700 [/db_impl_write.cc:1770] [default] New memtable created with log file: #3. Immutable memtables: 0.
2025/04/30-07:52:18.338213 7fd293fff700 [/db_impl_write.cc:1865] [default] Old memtable #4 data_size 64110350 entries 54562 is replaced
2025/04/30-07:52:18.579339 7fd289ffb700 [_set.cc:4383] LogAndApply called
2025/04/30-07:52:20.026076 7fd293fff700 [/db_impl_write.cc:1770] [default] New memtable created with log file: #3. Immutable memtables: 0.
2025/04/30-07:52:20.026109 7fd293fff700 [/db_impl_write.cc:1865] [default] Old memtable #5 data_size 64110350 entries 54562 is replaced
2025/04/30-07:52:20.531642 7fd289ffb700 [_set.cc:4383] LogAndApply called
2025/04/30-07:52:20.536727 7fd289ffb700 [_set.cc:4383] LogAndApply called
2025/04/30-07:52:20.537048 7fd289ffb700 [_set.cc:4383] LogAndApply called
2025/04/30-07:52:21.588219 7fd28affd700 [/db_impl_write.cc:1770] [default] New memtable created with log file: #3. Immutable memtables: 0.
2025/04/30-07:52:21.588252 7fd28affd700 [/db_impl_write.cc:1865] [default] Old memtable #6 data_size 64110350 entries 54562 is replaced
2025/04/30-07:52:21.829041 7fd289ffb700 [_set.cc:4383] LogAndApply called
2025/04/30-07:52:23.255506 7fd28affd700 [/db_impl_write.cc:1770] [default] New memtable created with log file: #3. Immutable memtables: 0.
2025/04/30-07:52:23.255538 7fd28affd700 [/db_impl_write.cc:1865] [default] Old memtable #7 data_size 64110350 entries 54562 is replaced
2025/04/30-07:52:23.520885 7fd289ffb700 [_set.cc:4383] LogAndApply called
2025/04/30-07:52:24.878293 7fd2ad7fa700 [/db_impl_write.cc:1770] [default] New memtable created with log file: #3. Immutable memtables: 0.
2025/04/30-07:52:24.878333 7fd2ad7fa700 [/db_impl_write.cc:1865] [default] Old memtable #8 data_size 64110350 entries 54562 is replaced
2025/04/30-07:52:25.197218 7fd289ffb700 [_set.cc:4383] LogAndApply called
2025/04/30-07:52:26.556717 7fd2ad7fa700 [/db_impl_write.cc:1770] [default] New memtable created with log file: #3. Immutable memtables: 0.
2025/04/30-07:52:26.556749 7fd2ad7fa700 [/db_impl_write.cc:1865] [default] Old memtable #9 data_size 64110350 entries 54562 is replaced
2025/04/30-07:52:26.771022 7fd289ffb700 [_set.cc:4383] LogAndApply called
2025/04/30-07:52:28.157370 7fd28affd700 [/db_impl_write.cc:1770] [default] New memtable created with log file: #3. Immutable memtables: 0.
2025/04/30-07:52:28.157399 7fd28affd700 [/db_impl_write.cc:1865] [default] Old memtable #10 data_size 64110350 entries 54562 is replaced
2025/04/30-07:52:28.754724 7fd289ffb700 [_set.cc:4383] LogAndApply called
2025/04/30-07:52:28.763382 7fd289ffb700 [_set.cc:4383] LogAndApply called
2025/04/30-07:52:28.763658 7fd289ffb700 [_set.cc:4383] LogAndApply called
2025/04/30-07:52:28.763889 7fd289ffb700 [_set.cc:4383] LogAndApply called
2025/04/30-07:52:28.764107 7fd289ffb700 [_set.cc:4383] LogAndApply called
2025/04/30-07:52:28.764347 7fd289ffb700 [_set.cc:4383] LogAndApply called
2025/04/30-07:52:29.801246 7fd293fff700 [/db_impl_write.cc:1770] [default] New memtable created with log file: #3. Immutable memtables: 0.
2025/04/30-07:52:29.801279 7fd293fff700 [/db_impl_write.cc:1865] [default] Old memtable #11 data_size 64110350 entries 54562 is replaced
2025/04/30-07:52:30.054954 7fd289ffb700 [_set.cc:4383] LogAndApply called
2025/04/30-07:52:31.423677 7fd2ad7fa700 [/db_impl_write.cc:1770] [default] New memtable created with log file: #3. Immutable memtables: 0.
2025/04/30-07:52:31.423708 7fd2ad7fa700 [/db_impl_write.cc:1865] [default] Old memtable #12 data_size 64110350 entries 54562 is replaced
2025/04/30-07:52:31.685787 7fd289ffb700 [_set.cc:4383] LogAndApply called
2025/04/30-07:52:33.118101 7fd293fff700 [/db_impl_write.cc:1770] [default] New memtable created with log file: #3. Immutable memtables: 0.
2025/04/30-07:52:33.118138 7fd293fff700 [/db_impl_write.cc:1865] [default] Old memtable #13 data_size 64110350 entries 54562 is replaced
2025/04/30-07:52:33.348143 7fd289ffb700 [_set.cc:4383] LogAndApply called
2025/04/30-07:52:34.732598 7fd2acff9700 [/db_impl_write.cc:1770] [default] New memtable created with log file: #3. Immutable memtables: 0.
2025/04/30-07:52:34.732629 7fd2acff9700 [/db_impl_write.cc:1865] [default] Old memtable #14 data_size 64110350 entries 54562 is replaced
2025/04/30-07:52:35.195805 7fd289ffb700 [_set.cc:4383] LogAndApply called
2025/04/30-07:52:35.242270 7fd289ffb700 [_set.cc:4383] LogAndApply called
2025/04/30-07:52:35.242635 7fd289ffb700 [_set.cc:4383] LogAndApply called
2025/04/30-07:52:35.242954 7fd289ffb700 [_set.cc:4383] LogAndApply called
2025/04/30-07:52:35.243233 7fd289ffb700 [_set.cc:4383] LogAndApply called
2025/04/30-07:52:35.585471 7fd289ffb700 [_set.cc:4383] LogAndApply called
2025/04/30-07:52:36.319411 7fd2ad7fa700 [/db_impl_write.cc:1770] [default] New memtable created with log file: #3. Immutable memtables: 0.
2025/04/30-07:52:36.319441 7fd2ad7fa700 [/db_impl_write.cc:1865] [default] Old memtable #15 data_size 64110350 entries 54562 is replaced
2025/04/30-07:52:36.641884 7fd289ffb700 [_set.cc:4383] LogAndApply called
2025/04/30-07:52:38.007427 7fd2acff9700 [/db_impl_write.cc:1770] [default] New memtable created with log file: #3. Immutable memtables: 0.
2025/04/30-07:52:38.007463 7fd2acff9700 [/db_impl_write.cc:1865] [default] Old memtable #16 data_size 64111525 entries 54563 is replaced
2025/04/30-07:52:38.287252 7fd289ffb700 [_set.cc:4383] LogAndApply called
2025/04/30-07:52:39.593851 7fd28affd700 [/db_impl_write.cc:1770] [default] New memtable created with log file: #3. Immutable memtables: 0.
2025/04/30-07:52:39.593884 7fd28affd700 [/db_impl_write.cc:1865] [default] Old memtable #17 data_size 64110350 entries 54562 is replaced
2025/04/30-07:52:39.951407 7fd289ffb700 [_set.cc:4383] LogAndApply called
2025/04/30-07:52:41.232773 7fd2ad7fa700 [/db_impl_write.cc:1770] [default] New memtable created with log file: #3. Immutable memtables: 0.
2025/04/30-07:52:41.232806 7fd2ad7fa700 [/db_impl_write.cc:1865] [default] Old memtable #18 data_size 64110350 entries 54562 is replaced
2025/04/30-07:52:41.933864 7fd289ffb700 [_set.cc:4383] LogAndApply called
2025/04/30-07:52:41.956542 7fd289ffb700 [_set.cc:4383] LogAndApply called
2025/04/30-07:52:42.408298 7fd289ffb700 [_set.cc:4383] LogAndApply called
2025/04/30-07:52:42.888443 7fd293fff700 [/db_impl_write.cc:1770] [default] New memtable created with log file: #3. Immutable memtables: 0.
2025/04/30-07:52:42.888473 7fd293fff700 [/db_impl_write.cc:1865] [default] Old memtable #19 data_size 64110350 entries 54562 is replaced
2025/04/30-07:52:43.223881 7fd289ffb700 [_set.cc:4383] LogAndApply called
2025/04/30-07:52:43.761681 7fd289ffb700 [_set.cc:4383] LogAndApply called
2025/04/30-07:52:44.541633 7fd28affd700 [/db_impl_write.cc:1770] [default] New memtable created with log file: #3. Immutable memtables: 0.
2025/04/30-07:52:44.541666 7fd28affd700 [/db_impl_write.cc:1865] [default] Old memtable #20 data_size 64110350 entries 54562 is replaced
