2025/04/30-15:45:11.460829 7fa26a69e280 RocksDB version: 6.14.0
2025/04/30-15:45:11.460870 7fa26a69e280 Git sha rocksdb_build_git_sha:@812801ad3e67a7918317bcd33dd7f46d39d5f7b7@
2025/04/30-15:45:11.460872 7fa26a69e280 Compile date Apr 30 2025
2025/04/30-15:45:11.460901 7fa26a69e280 DB SUMMARY
2025/04/30-15:45:11.460902 7fa26a69e280 DB Session ID:  RYBSPW1H4JQ9RFCUOIBE
2025/04/30-15:45:11.460921 7fa26a69e280 SST files in /mnt/data/db/shard-0/sst_dir dir, Total Num: 0, files: 
2025/04/30-15:45:11.460923 7fa26a69e280 Write Ahead Log file in /mnt/data/db/shard-0/db: 
2025/04/30-15:45:11.460924 7fa26a69e280                         Options.error_if_exists: 0
2025/04/30-15:45:11.460925 7fa26a69e280                       Options.create_if_missing: 1
2025/04/30-15:45:11.460925 7fa26a69e280                         Options.paranoid_checks: 1
2025/04/30-15:45:11.460926 7fa26a69e280                               Options.track_and_verify_wals_in_manifest: 0
2025/04/30-15:45:11.460927 7fa26a69e280                                     Options.env: 0x5586de339820
2025/04/30-15:45:11.460927 7fa26a69e280                                      Options.fs: Posix File System
2025/04/30-15:45:11.460928 7fa26a69e280                                Options.info_log: 0x5586f7228be0
2025/04/30-15:45:11.460929 7fa26a69e280                Options.max_file_opening_threads: 16
2025/04/30-15:45:11.460930 7fa26a69e280                              Options.statistics: 0x5586f7223440
2025/04/30-15:45:11.460930 7fa26a69e280                               Options.use_fsync: 0
2025/04/30-15:45:11.460931 7fa26a69e280                       Options.max_log_file_size: 0
2025/04/30-15:45:11.460932 7fa26a69e280                  Options.max_manifest_file_size: 1073741824
2025/04/30-15:45:11.460932 7fa26a69e280                   Options.log_file_time_to_roll: 0
2025/04/30-15:45:11.460933 7fa26a69e280                       Options.keep_log_file_num: 1000
2025/04/30-15:45:11.460934 7fa26a69e280                    Options.recycle_log_file_num: 0
2025/04/30-15:45:11.460934 7fa26a69e280                         Options.allow_fallocate: 1
2025/04/30-15:45:11.460935 7fa26a69e280                        Options.allow_mmap_reads: 0
2025/04/30-15:45:11.460936 7fa26a69e280                       Options.allow_mmap_writes: 0
2025/04/30-15:45:11.460936 7fa26a69e280                        Options.use_direct_reads: 1
2025/04/30-15:45:11.460937 7fa26a69e280                        Options.use_direct_io_for_flush_and_compaction: 1
2025/04/30-15:45:11.460938 7fa26a69e280          Options.create_missing_column_families: 1
2025/04/30-15:45:11.460938 7fa26a69e280                              Options.db_log_dir: 
2025/04/30-15:45:11.460939 7fa26a69e280                                 Options.wal_dir: /mnt/data/db/shard-0/db
2025/04/30-15:45:11.460940 7fa26a69e280                Options.table_cache_numshardbits: 6
2025/04/30-15:45:11.460940 7fa26a69e280                         Options.WAL_ttl_seconds: 0
2025/04/30-15:45:11.460941 7fa26a69e280                       Options.WAL_size_limit_MB: 0
2025/04/30-15:45:11.460942 7fa26a69e280                        Options.max_write_batch_group_size_bytes: 1048576
2025/04/30-15:45:11.460942 7fa26a69e280             Options.manifest_preallocation_size: 4194304
2025/04/30-15:45:11.460943 7fa26a69e280                     Options.is_fd_close_on_exec: 1
2025/04/30-15:45:11.460944 7fa26a69e280                   Options.advise_random_on_open: 1
2025/04/30-15:45:11.460944 7fa26a69e280                    Options.db_write_buffer_size: 0
2025/04/30-15:45:11.460945 7fa26a69e280                    Options.write_buffer_manager: 0x5586f7232ff0
2025/04/30-15:45:11.460946 7fa26a69e280         Options.access_hint_on_compaction_start: 1
2025/04/30-15:45:11.460946 7fa26a69e280  Options.new_table_reader_for_compaction_inputs: 1
2025/04/30-15:45:11.460947 7fa26a69e280           Options.random_access_max_buffer_size: 1048576
2025/04/30-15:45:11.460948 7fa26a69e280                      Options.use_adaptive_mutex: 0
2025/04/30-15:45:11.460948 7fa26a69e280                            Options.rate_limiter: (nil)
2025/04/30-15:45:11.460949 7fa26a69e280     Options.sst_file_manager.rate_bytes_per_sec: 0
2025/04/30-15:45:11.460955 7fa26a69e280                       Options.wal_recovery_mode: 2
2025/04/30-15:45:11.460956 7fa26a69e280                  Options.enable_thread_tracking: 0
2025/04/30-15:45:11.460957 7fa26a69e280                  Options.enable_pipelined_write: 0
2025/04/30-15:45:11.460957 7fa26a69e280                  Options.unordered_write: 0
2025/04/30-15:45:11.460958 7fa26a69e280         Options.allow_concurrent_memtable_write: 1
2025/04/30-15:45:11.460959 7fa26a69e280      Options.enable_write_thread_adaptive_yield: 1
2025/04/30-15:45:11.460959 7fa26a69e280             Options.write_thread_max_yield_usec: 100
2025/04/30-15:45:11.460960 7fa26a69e280            Options.write_thread_slow_yield_usec: 3
2025/04/30-15:45:11.460961 7fa26a69e280                               Options.row_cache: None
2025/04/30-15:45:11.460961 7fa26a69e280                              Options.wal_filter: None
2025/04/30-15:45:11.460962 7fa26a69e280             Options.avoid_flush_during_recovery: 0
2025/04/30-15:45:11.460963 7fa26a69e280             Options.allow_ingest_behind: 0
2025/04/30-15:45:11.460963 7fa26a69e280             Options.preserve_deletes: 0
2025/04/30-15:45:11.460964 7fa26a69e280             Options.two_write_queues: 0
2025/04/30-15:45:11.460965 7fa26a69e280             Options.manual_wal_flush: 0
2025/04/30-15:45:11.460965 7fa26a69e280             Options.atomic_flush: 0
2025/04/30-15:45:11.460966 7fa26a69e280             Options.avoid_unnecessary_blocking_io: 0
2025/04/30-15:45:11.460966 7fa26a69e280                 Options.persist_stats_to_disk: 0
2025/04/30-15:45:11.460967 7fa26a69e280                 Options.write_dbid_to_manifest: 0
2025/04/30-15:45:11.460968 7fa26a69e280                 Options.log_readahead_size: 0
2025/04/30-15:45:11.460968 7fa26a69e280                 Options.file_checksum_gen_factory: Unknown
2025/04/30-15:45:11.460969 7fa26a69e280                 Options.best_efforts_recovery: 0
2025/04/30-15:45:11.460970 7fa26a69e280                Options.max_bgerror_resume_count: 2147483647
2025/04/30-15:45:11.460970 7fa26a69e280            Options.bgerror_resume_retry_interval: 1000000
2025/04/30-15:45:11.460971 7fa26a69e280             Options.allow_data_in_errors: 0
2025/04/30-15:45:11.460972 7fa26a69e280             Options.db_host_id: __hostname__
2025/04/30-15:45:11.460972 7fa26a69e280             Options.max_background_jobs: 4
2025/04/30-15:45:11.460973 7fa26a69e280             Options.max_background_compactions: 3
2025/04/30-15:45:11.460974 7fa26a69e280             Options.max_subcompactions: 1
2025/04/30-15:45:11.460974 7fa26a69e280             Options.avoid_flush_during_shutdown: 0
2025/04/30-15:45:11.460975 7fa26a69e280           Options.writable_file_max_buffer_size: 1048576
2025/04/30-15:45:11.460976 7fa26a69e280             Options.delayed_write_rate : 16777216
2025/04/30-15:45:11.460976 7fa26a69e280             Options.max_total_wal_size: 0
2025/04/30-15:45:11.460977 7fa26a69e280             Options.delete_obsolete_files_period_micros: 21600000000
2025/04/30-15:45:11.460978 7fa26a69e280                   Options.stats_dump_period_sec: 60
2025/04/30-15:45:11.460979 7fa26a69e280                 Options.stats_persist_period_sec: 600
2025/04/30-15:45:11.460979 7fa26a69e280                 Options.stats_history_buffer_size: 1048576
2025/04/30-15:45:11.460980 7fa26a69e280                          Options.max_open_files: -1
2025/04/30-15:45:11.460981 7fa26a69e280                          Options.bytes_per_sync: 0
2025/04/30-15:45:11.460981 7fa26a69e280                      Options.wal_bytes_per_sync: 0
2025/04/30-15:45:11.460982 7fa26a69e280                   Options.strict_bytes_per_sync: 0
2025/04/30-15:45:11.460983 7fa26a69e280       Options.compaction_readahead_size: 2097152
2025/04/30-15:45:11.460983 7fa26a69e280                  Options.max_background_flushes: 1
2025/04/30-15:45:11.460984 7fa26a69e280 Compression algorithms supported:
2025/04/30-15:45:11.460985 7fa26a69e280 	kZSTDNotFinalCompression supported: 0
2025/04/30-15:45:11.460986 7fa26a69e280 	kZSTD supported: 0
2025/04/30-15:45:11.460992 7fa26a69e280 	kXpressCompression supported: 0
2025/04/30-15:45:11.460993 7fa26a69e280 	kLZ4HCCompression supported: 0
2025/04/30-15:45:11.460993 7fa26a69e280 	kLZ4Compression supported: 0
2025/04/30-15:45:11.460994 7fa26a69e280 	kBZip2Compression supported: 0
2025/04/30-15:45:11.460995 7fa26a69e280 	kZlibCompression supported: 0
2025/04/30-15:45:11.460996 7fa26a69e280 	kSnappyCompression supported: 0
2025/04/30-15:45:11.460997 7fa26a69e280 Fast CRC32 supported: Supported on x86
2025/04/30-15:45:11.462024 7fa26a69e280 [/db_impl_open.cc:285] Creating manifest 1 
2025/04/30-15:45:11.462396 7fa26a69e280 [_set.cc:4816] Recovering from manifest file: /mnt/data/db/shard-0/db/MANIFEST-000001
2025/04/30-15:45:11.462501 7fa26a69e280 [family.cc:605] --------------- Options for column family [default]:
2025/04/30-15:45:11.462503 7fa26a69e280               Options.comparator: leveldb.BytewiseComparator
2025/04/30-15:45:11.462504 7fa26a69e280           Options.merge_operator: None
2025/04/30-15:45:11.462505 7fa26a69e280        Options.compaction_filter: None
2025/04/30-15:45:11.462506 7fa26a69e280        Options.compaction_filter_factory: None
2025/04/30-15:45:11.462506 7fa26a69e280  Options.sst_partitioner_factory: None
2025/04/30-15:45:11.462507 7fa26a69e280         Options.memtable_factory: SkipListFactory
2025/04/30-15:45:11.462508 7fa26a69e280            Options.table_factory: BlockBasedTable
2025/04/30-15:45:11.462525 7fa26a69e280            table_factory options:   flush_block_policy_factory: FlushBlockBySizePolicyFactory (0x5586f7223ce0)
  cache_index_and_filter_blocks: 0
  cache_index_and_filter_blocks_with_high_priority: 1
  pin_l0_filter_and_index_blocks_in_cache: 0
  pin_top_level_index_and_filter: 1
  index_type: 0
  data_block_index_type: 0
  index_shortening: 1
  data_block_hash_table_util_ratio: 0.750000
  hash_index_allow_collision: 1
  checksum: 1
  no_block_cache: 0
  block_cache: 0x5586f7225520
  block_cache_name: LRUCache
  block_cache_options:
    capacity : 2147483648
    num_shard_bits : 6
    strict_capacity_limit : 0
    memory_allocator : None
    high_pri_pool_ratio: 0.000
  block_cache_compressed: (nil)
  persistent_cache: (nil)
  block_size: 4096
  block_size_deviation: 10
  block_restart_interval: 16
  index_block_restart_interval: 1
  metadata_block_size: 4096
  partition_filters: 0
  use_delta_encoding: 1
  filter_policy: rocksdb.BuiltinBloomFilter
  whole_key_filtering: 1
  verify_compression: 0
  read_amp_bytes_per_bit: 0
  format_version: 4
  enable_index_compression: 1
  block_align: 0
2025/04/30-15:45:11.462528 7fa26a69e280        Options.write_buffer_size: 67108864
2025/04/30-15:45:11.462529 7fa26a69e280  Options.max_write_buffer_number: 2
2025/04/30-15:45:11.462530 7fa26a69e280        Options.compression[0]: NoCompression
2025/04/30-15:45:11.462531 7fa26a69e280        Options.compression[1]: NoCompression
2025/04/30-15:45:11.462531 7fa26a69e280        Options.compression[2]: NoCompression
2025/04/30-15:45:11.462532 7fa26a69e280        Options.compression[3]: NoCompression
2025/04/30-15:45:11.462533 7fa26a69e280        Options.compression[4]: NoCompression
2025/04/30-15:45:11.462534 7fa26a69e280                  Options.bottommost_compression: Disabled
2025/04/30-15:45:11.462535 7fa26a69e280       Options.prefix_extractor: nullptr
2025/04/30-15:45:11.462536 7fa26a69e280   Options.memtable_insert_with_hint_prefix_extractor: nullptr
2025/04/30-15:45:11.462536 7fa26a69e280             Options.num_levels: 5
2025/04/30-15:45:11.462537 7fa26a69e280        Options.min_write_buffer_number_to_merge: 1
2025/04/30-15:45:11.462538 7fa26a69e280     Options.max_write_buffer_number_to_maintain: 0
2025/04/30-15:45:11.462538 7fa26a69e280     Options.max_write_buffer_size_to_maintain: 0
2025/04/30-15:45:11.462539 7fa26a69e280            Options.bottommost_compression_opts.window_bits: -14
2025/04/30-15:45:11.462540 7fa26a69e280                  Options.bottommost_compression_opts.level: 32767
2025/04/30-15:45:11.462540 7fa26a69e280               Options.bottommost_compression_opts.strategy: 0
2025/04/30-15:45:11.462549 7fa26a69e280         Options.bottommost_compression_opts.max_dict_bytes: 0
2025/04/30-15:45:11.462549 7fa26a69e280         Options.bottommost_compression_opts.zstd_max_train_bytes: 0
2025/04/30-15:45:11.462550 7fa26a69e280         Options.bottommost_compression_opts.parallel_threads: 1
2025/04/30-15:45:11.462551 7fa26a69e280                  Options.bottommost_compression_opts.enabled: false
2025/04/30-15:45:11.462552 7fa26a69e280            Options.compression_opts.window_bits: -14
2025/04/30-15:45:11.462552 7fa26a69e280                  Options.compression_opts.level: 32767
2025/04/30-15:45:11.462553 7fa26a69e280               Options.compression_opts.strategy: 0
2025/04/30-15:45:11.462553 7fa26a69e280         Options.compression_opts.max_dict_bytes: 0
2025/04/30-15:45:11.462554 7fa26a69e280         Options.compression_opts.zstd_max_train_bytes: 0
2025/04/30-15:45:11.462555 7fa26a69e280         Options.compression_opts.parallel_threads: 1
2025/04/30-15:45:11.462555 7fa26a69e280                  Options.compression_opts.enabled: false
2025/04/30-15:45:11.462556 7fa26a69e280      Options.level0_file_num_compaction_trigger: 4
2025/04/30-15:45:11.462557 7fa26a69e280          Options.level0_slowdown_writes_trigger: 20
2025/04/30-15:45:11.462557 7fa26a69e280              Options.level0_stop_writes_trigger: 36
2025/04/30-15:45:11.462558 7fa26a69e280                   Options.target_file_size_base: 67108864
2025/04/30-15:45:11.462559 7fa26a69e280             Options.target_file_size_multiplier: 1
2025/04/30-15:45:11.462559 7fa26a69e280                Options.max_bytes_for_level_base: 268435456
2025/04/30-15:45:11.462560 7fa26a69e280 Options.level_compaction_dynamic_level_bytes: 0
2025/04/30-15:45:11.462561 7fa26a69e280          Options.max_bytes_for_level_multiplier: 10.000000
2025/04/30-15:45:11.462563 7fa26a69e280 Options.max_bytes_for_level_multiplier_addtl[0]: 1
2025/04/30-15:45:11.462564 7fa26a69e280 Options.max_bytes_for_level_multiplier_addtl[1]: 1
2025/04/30-15:45:11.462565 7fa26a69e280 Options.max_bytes_for_level_multiplier_addtl[2]: 1
2025/04/30-15:45:11.462565 7fa26a69e280 Options.max_bytes_for_level_multiplier_addtl[3]: 1
2025/04/30-15:45:11.462566 7fa26a69e280 Options.max_bytes_for_level_multiplier_addtl[4]: 1
2025/04/30-15:45:11.462566 7fa26a69e280 Options.max_bytes_for_level_multiplier_addtl[5]: 1
2025/04/30-15:45:11.462567 7fa26a69e280 Options.max_bytes_for_level_multiplier_addtl[6]: 1
2025/04/30-15:45:11.462568 7fa26a69e280       Options.max_sequential_skip_in_iterations: 8
2025/04/30-15:45:11.462569 7fa26a69e280                    Options.max_compaction_bytes: 1677721600
2025/04/30-15:45:11.462569 7fa26a69e280                        Options.arena_block_size: 8388608
2025/04/30-15:45:11.462570 7fa26a69e280   Options.soft_pending_compaction_bytes_limit: 68719476736
2025/04/30-15:45:11.462571 7fa26a69e280   Options.hard_pending_compaction_bytes_limit: 274877906944
2025/04/30-15:45:11.462571 7fa26a69e280       Options.rate_limit_delay_max_milliseconds: 100
2025/04/30-15:45:11.462572 7fa26a69e280                Options.disable_auto_compactions: 0
2025/04/30-15:45:11.462573 7fa26a69e280                        Options.compaction_style: kCompactionStyleLevel
2025/04/30-15:45:11.462574 7fa26a69e280                          Options.compaction_pri: kMinOverlappingRatio
2025/04/30-15:45:11.462575 7fa26a69e280 Options.compaction_options_universal.size_ratio: 1
2025/04/30-15:45:11.462576 7fa26a69e280 Options.compaction_options_universal.min_merge_width: 2
2025/04/30-15:45:11.462576 7fa26a69e280 Options.compaction_options_universal.max_merge_width: 4294967295
2025/04/30-15:45:11.462577 7fa26a69e280 Options.compaction_options_universal.max_size_amplification_percent: 200
2025/04/30-15:45:11.462578 7fa26a69e280 Options.compaction_options_universal.compression_size_percent: -1
2025/04/30-15:45:11.462579 7fa26a69e280 Options.compaction_options_universal.stop_style: kCompactionStopStyleTotalSize
2025/04/30-15:45:11.462580 7fa26a69e280 Options.compaction_options_fifo.max_table_files_size: 1073741824
2025/04/30-15:45:11.462583 7fa26a69e280 Options.compaction_options_fifo.allow_compaction: 0
2025/04/30-15:45:11.462586 7fa26a69e280                   Options.table_properties_collectors: 
2025/04/30-15:45:11.462587 7fa26a69e280                   Options.inplace_update_support: 0
2025/04/30-15:45:11.462588 7fa26a69e280                 Options.inplace_update_num_locks: 10000
2025/04/30-15:45:11.462588 7fa26a69e280               Options.memtable_prefix_bloom_size_ratio: 0.000000
2025/04/30-15:45:11.462589 7fa26a69e280               Options.memtable_whole_key_filtering: 0
2025/04/30-15:45:11.462590 7fa26a69e280   Options.memtable_huge_page_size: 0
2025/04/30-15:45:11.462591 7fa26a69e280                           Options.bloom_locality: 0
2025/04/30-15:45:11.462591 7fa26a69e280                    Options.max_successive_merges: 0
2025/04/30-15:45:11.462592 7fa26a69e280                Options.optimize_filters_for_hits: 0
2025/04/30-15:45:11.462592 7fa26a69e280                Options.paranoid_file_checks: 0
2025/04/30-15:45:11.462593 7fa26a69e280                Options.force_consistency_checks: 1
2025/04/30-15:45:11.462594 7fa26a69e280                Options.report_bg_io_stats: 0
2025/04/30-15:45:11.462594 7fa26a69e280                               Options.ttl: 2592000
2025/04/30-15:45:11.462595 7fa26a69e280          Options.periodic_compaction_seconds: 0
2025/04/30-15:45:11.462596 7fa26a69e280                    Options.enable_blob_files: false
2025/04/30-15:45:11.462596 7fa26a69e280                        Options.min_blob_size: 0
2025/04/30-15:45:11.462597 7fa26a69e280                       Options.blob_file_size: 268435456
2025/04/30-15:45:11.462598 7fa26a69e280                Options.blob_compression_type: NoCompression
2025/04/30-15:45:11.468903 7fa26a69e280 [_set.cc:4965] Recovered from manifest file:/mnt/data/db/shard-0/db/MANIFEST-000001 succeeded,manifest_file_number is 1, next_file_number is 3, last_sequence is 0, log_number is 0,prev_log_number is 0,max_column_family is 0,min_log_number_to_keep is 0
2025/04/30-15:45:11.468909 7fa26a69e280 [_set.cc:4981] Column family [default] (ID 0), log number is 0
2025/04/30-15:45:11.470520 7fa26a69e280 [/db_impl_open.cc:1732] SstFileManager instance 0x5586f7270db0
2025/04/30-15:45:11.470533 7fa26a69e280 DB pointer 0x5586f726f0c0
2025/04/30-15:45:11.470697 7fa22b7fe700 [/db_impl.cc:907] Load kCFStatsNoFileHistogram
2025/04/30-15:45:11.470774 7fa22b7fe700 [/db_impl.cc:914] Load kCFFileHistogram
2025/04/30-15:45:11.470818 7fa22b7fe700 [/db_impl.cc:921] Load kCFStats
2025/04/30-15:45:11.470861 7fa22b7fe700 [/db_impl.cc:929] ------- DUMPING STATS -------
2025/04/30-15:45:11.470862 7fa22b7fe700 [/db_impl.cc:931] 
** File Read Latency Histogram By Level [default] **
2025/04/30-15:45:11.487787 7fa22b7fe700 [/db_impl.cc:705] STATISTICS:
 rocksdb.block.cache.miss COUNT : 0
rocksdb.block.cache.hit COUNT : 0
rocksdb.block.cache.add COUNT : 0
rocksdb.block.cache.add.failures COUNT : 0
rocksdb.block.cache.index.miss COUNT : 0
rocksdb.block.cache.index.hit COUNT : 0
rocksdb.block.cache.index.add COUNT : 0
rocksdb.block.cache.index.bytes.insert COUNT : 0
rocksdb.block.cache.index.bytes.evict COUNT : 0
rocksdb.block.cache.filter.miss COUNT : 0
rocksdb.block.cache.filter.hit COUNT : 0
rocksdb.block.cache.filter.add COUNT : 0
rocksdb.block.cache.filter.bytes.insert COUNT : 0
rocksdb.block.cache.filter.bytes.evict COUNT : 0
rocksdb.block.cache.data.miss COUNT : 0
rocksdb.block.cache.data.hit COUNT : 0
rocksdb.block.cache.data.add COUNT : 0
rocksdb.block.cache.data.bytes.insert COUNT : 0
rocksdb.block.cache.bytes.read COUNT : 0
rocksdb.block.cache.bytes.write COUNT : 0
rocksdb.bloom.filter.useful COUNT : 0
rocksdb.bloom.filter.full.positive COUNT : 0
rocksdb.bloom.filter.full.true.positive COUNT : 0
rocksdb.bloom.filter.micros COUNT : 0
rocksdb.persistent.cache.hit COUNT : 0
rocksdb.persistent.cache.miss COUNT : 0
rocksdb.sim.block.cache.hit COUNT : 0
rocksdb.sim.block.cache.miss COUNT : 0
rocksdb.memtable.hit COUNT : 0
rocksdb.memtable.miss COUNT : 0
rocksdb.l0.hit COUNT : 0
rocksdb.l1.hit COUNT : 0
rocksdb.l2andup.hit COUNT : 0
rocksdb.compaction.key.drop.new COUNT : 0
rocksdb.compaction.key.drop.obsolete COUNT : 0
rocksdb.compaction.key.drop.range_del COUNT : 0
rocksdb.compaction.key.drop.user COUNT : 0
rocksdb.compaction.range_del.drop.obsolete COUNT : 0
rocksdb.compaction.optimized.del.drop.obsolete COUNT : 0
rocksdb.compaction.cancelled COUNT : 0
rocksdb.number.keys.written COUNT : 0
rocksdb.number.keys.read COUNT : 0
rocksdb.number.keys.updated COUNT : 0
rocksdb.bytes.written COUNT : 0
rocksdb.bytes.read COUNT : 0
rocksdb.number.db.seek COUNT : 0
rocksdb.number.db.next COUNT : 0
rocksdb.number.db.prev COUNT : 0
rocksdb.number.db.seek.found COUNT : 0
rocksdb.number.db.next.found COUNT : 0
rocksdb.number.db.prev.found COUNT : 0
rocksdb.db.iter.bytes.read COUNT : 0
rocksdb.no.file.closes COUNT : 0
rocksdb.no.file.opens COUNT : 0
rocksdb.no.file.errors COUNT : 0
rocksdb.l0.slowdown.micros COUNT : 0
rocksdb.memtable.compaction.micros COUNT : 0
rocksdb.l0.num.files.stall.micros COUNT : 0
rocksdb.stall.micros COUNT : 0
rocksdb.db.mutex.wait.micros COUNT : 0
rocksdb.rate.limit.delay.millis COUNT : 0
rocksdb.num.iterators COUNT : 0
rocksdb.number.multiget.get COUNT : 0
rocksdb.number.multiget.keys.read COUNT : 0
rocksdb.number.multiget.bytes.read COUNT : 0
rocksdb.number.deletes.filtered COUNT : 0
rocksdb.number.merge.failures COUNT : 0
rocksdb.bloom.filter.prefix.checked COUNT : 0
rocksdb.bloom.filter.prefix.useful COUNT : 0
rocksdb.number.reseeks.iteration COUNT : 0
rocksdb.getupdatessince.calls COUNT : 0
rocksdb.block.cachecompressed.miss COUNT : 0
rocksdb.block.cachecompressed.hit COUNT : 0
rocksdb.block.cachecompressed.add COUNT : 0
rocksdb.block.cachecompressed.add.failures COUNT : 0
rocksdb.wal.synced COUNT : 0
rocksdb.wal.bytes COUNT : 0
rocksdb.write.self COUNT : 0
rocksdb.write.other COUNT : 0
rocksdb.write.timeout COUNT : 0
rocksdb.write.wal COUNT : 0
rocksdb.compact.read.bytes COUNT : 0
rocksdb.compact.write.bytes COUNT : 0
rocksdb.flush.write.bytes COUNT : 0
rocksdb.compact.read.marked.bytes COUNT : 0
rocksdb.compact.read.periodic.bytes COUNT : 0
rocksdb.compact.read.ttl.bytes COUNT : 0
rocksdb.compact.write.marked.bytes COUNT : 0
rocksdb.compact.write.periodic.bytes COUNT : 0
rocksdb.compact.write.ttl.bytes COUNT : 0
rocksdb.number.direct.load.table.properties COUNT : 0
rocksdb.number.superversion_acquires COUNT : 0
rocksdb.number.superversion_releases COUNT : 0
rocksdb.number.superversion_cleanups COUNT : 0
rocksdb.number.block.compressed COUNT : 0
rocksdb.number.block.decompressed COUNT : 0
rocksdb.number.block.not_compressed COUNT : 0
rocksdb.merge.operation.time.nanos COUNT : 0
rocksdb.filter.operation.time.nanos COUNT : 0
rocksdb.row.cache.hit COUNT : 0
rocksdb.row.cache.miss COUNT : 0
rocksdb.read.amp.estimate.useful.bytes COUNT : 0
rocksdb.read.amp.total.read.bytes COUNT : 0
rocksdb.number.rate_limiter.drains COUNT : 0
rocksdb.number.iter.skip COUNT : 0
rocksdb.blobdb.num.put COUNT : 0
rocksdb.blobdb.num.write COUNT : 0
rocksdb.blobdb.num.get COUNT : 0
rocksdb.blobdb.num.multiget COUNT : 0
rocksdb.blobdb.num.seek COUNT : 0
rocksdb.blobdb.num.next COUNT : 0
rocksdb.blobdb.num.prev COUNT : 0
rocksdb.blobdb.num.keys.written COUNT : 0
rocksdb.blobdb.num.keys.read COUNT : 0
rocksdb.blobdb.bytes.written COUNT : 0
rocksdb.blobdb.bytes.read COUNT : 0
rocksdb.blobdb.write.inlined COUNT : 0
rocksdb.blobdb.write.inlined.ttl COUNT : 0
rocksdb.blobdb.write.blob COUNT : 0
rocksdb.blobdb.write.blob.ttl COUNT : 0
rocksdb.blobdb.blob.file.bytes.written COUNT : 0
rocksdb.blobdb.blob.file.bytes.read COUNT : 0
rocksdb.blobdb.blob.file.synced COUNT : 0
rocksdb.blobdb.blob.index.expired.count COUNT : 0
rocksdb.blobdb.blob.index.expired.size COUNT : 0
rocksdb.blobdb.blob.index.evicted.count COUNT : 0
rocksdb.blobdb.blob.index.evicted.size COUNT : 0
rocksdb.blobdb.gc.num.files COUNT : 0
rocksdb.blobdb.gc.num.new.files COUNT : 0
rocksdb.blobdb.gc.failures COUNT : 0
rocksdb.blobdb.gc.num.keys.overwritten COUNT : 0
rocksdb.blobdb.gc.num.keys.expired COUNT : 0
rocksdb.blobdb.gc.num.keys.relocated COUNT : 0
rocksdb.blobdb.gc.bytes.overwritten COUNT : 0
rocksdb.blobdb.gc.bytes.expired COUNT : 0
rocksdb.blobdb.gc.bytes.relocated COUNT : 0
rocksdb.blobdb.fifo.num.files.evicted COUNT : 0
rocksdb.blobdb.fifo.num.keys.evicted COUNT : 0
rocksdb.blobdb.fifo.bytes.evicted COUNT : 0
rocksdb.txn.overhead.mutex.prepare COUNT : 0
rocksdb.txn.overhead.mutex.old.commit.map COUNT : 0
rocksdb.txn.overhead.duplicate.key COUNT : 0
rocksdb.txn.overhead.mutex.snapshot COUNT : 0
rocksdb.txn.get.tryagain COUNT : 0
rocksdb.number.multiget.keys.found COUNT : 0
rocksdb.num.iterator.created COUNT : 0
rocksdb.num.iterator.deleted COUNT : 0
rocksdb.block.cache.compression.dict.miss COUNT : 0
rocksdb.block.cache.compression.dict.hit COUNT : 0
rocksdb.block.cache.compression.dict.add COUNT : 0
rocksdb.block.cache.compression.dict.bytes.insert COUNT : 0
rocksdb.block.cache.compression.dict.bytes.evict COUNT : 0
rocksdb.block.cache.add.redundant COUNT : 0
rocksdb.block.cache.index.add.redundant COUNT : 0
rocksdb.block.cache.filter.add.redundant COUNT : 0
rocksdb.block.cache.data.add.redundant COUNT : 0
rocksdb.block.cache.compression.dict.add.redundant COUNT : 0
rocksdb.files.marked.trash COUNT : 0
rocksdb.files.deleted.immediately COUNT : 0
rocksdb.files.touched COUNT : 0
rocksdb.db.get.micros P50 : 0.000000 P95 : 0.000000 P99 : 0.000000 P100 : 0.000000 COUNT : 0 SUM : 0
rocksdb.db.write.micros P50 : 0.000000 P95 : 0.000000 P99 : 0.000000 P100 : 0.000000 COUNT : 0 SUM : 0
rocksdb.compaction.times.micros P50 : 0.000000 P95 : 0.000000 P99 : 0.000000 P100 : 0.000000 COUNT : 0 SUM : 0
rocksdb.compaction.times.cpu_micros P50 : 0.000000 P95 : 0.000000 P99 : 0.000000 P100 : 0.000000 COUNT : 0 SUM : 0
rocksdb.subcompaction.setup.times.micros P50 : 0.000000 P95 : 0.000000 P99 : 0.000000 P100 : 0.000000 COUNT : 0 SUM : 0
rocksdb.table.sync.micros P50 : 0.000000 P95 : 0.000000 P99 : 0.000000 P100 : 0.000000 COUNT : 0 SUM : 0
rocksdb.compaction.outfile.sync.micros P50 : 0.000000 P95 : 0.000000 P99 : 0.000000 P100 : 0.000000 COUNT : 0 SUM : 0
rocksdb.wal.file.sync.micros P50 : 0.000000 P95 : 0.000000 P99 : 0.000000 P100 : 0.000000 COUNT : 0 SUM : 0
rocksdb.manifest.file.sync.micros P50 : 86.000000 P95 : 86.000000 P99 : 86.000000 P100 : 86.000000 COUNT : 1 SUM : 86
rocksdb.table.open.io.micros P50 : 0.000000 P95 : 0.000000 P99 : 0.000000 P100 : 0.000000 COUNT : 0 SUM : 0
rocksdb.db.multiget.micros P50 : 0.000000 P95 : 0.000000 P99 : 0.000000 P100 : 0.000000 COUNT : 0 SUM : 0
rocksdb.read.block.compaction.micros P50 : 0.000000 P95 : 0.000000 P99 : 0.000000 P100 : 0.000000 COUNT : 0 SUM : 0
rocksdb.read.block.get.micros P50 : 0.000000 P95 : 0.000000 P99 : 0.000000 P100 : 0.000000 COUNT : 0 SUM : 0
rocksdb.write.raw.block.micros P50 : 0.000000 P95 : 0.000000 P99 : 0.000000 P100 : 0.000000 COUNT : 0 SUM : 0
rocksdb.l0.slowdown.count P50 : 0.000000 P95 : 0.000000 P99 : 0.000000 P100 : 0.000000 COUNT : 0 SUM : 0
rocksdb.memtable.compaction.count P50 : 0.000000 P95 : 0.000000 P99 : 0.000000 P100 : 0.000000 COUNT : 0 SUM : 0
rocksdb.num.files.stall.count P50 : 0.000000 P95 : 0.000000 P99 : 0.000000 P100 : 0.000000 COUNT : 0 SUM : 0
rocksdb.hard.rate.limit.delay.count P50 : 0.000000 P95 : 0.000000 P99 : 0.000000 P100 : 0.000000 COUNT : 0 SUM : 0
rocksdb.soft.rate.limit.delay.count P50 : 0.000000 P95 : 0.000000 P99 : 0.000000 P100 : 0.000000 COUNT : 0 SUM : 0
rocksdb.numfiles.in.singlecompaction P50 : 0.000000 P95 : 0.000000 P99 : 0.000000 P100 : 0.000000 COUNT : 0 SUM : 0
rocksdb.db.seek.micros P50 : 0.000000 P95 : 0.000000 P99 : 0.000000 P100 : 0.000000 COUNT : 0 SUM : 0
rocksdb.db.write.stall P50 : 0.000000 P95 : 0.000000 P99 : 0.000000 P100 : 0.000000 COUNT : 0 SUM : 0
rocksdb.sst.read.micros P50 : 0.000000 P95 : 0.000000 P99 : 0.000000 P100 : 0.000000 COUNT : 0 SUM : 0
rocksdb.num.subcompactions.scheduled P50 : 0.000000 P95 : 0.000000 P99 : 0.000000 P100 : 0.000000 COUNT : 0 SUM : 0
rocksdb.bytes.per.read P50 : 0.000000 P95 : 0.000000 P99 : 0.000000 P100 : 0.000000 COUNT : 0 SUM : 0
rocksdb.bytes.per.write P50 : 0.000000 P95 : 0.000000 P99 : 0.000000 P100 : 0.000000 COUNT : 0 SUM : 0
rocksdb.bytes.per.multiget P50 : 0.000000 P95 : 0.000000 P99 : 0.000000 P100 : 0.000000 COUNT : 0 SUM : 0
rocksdb.bytes.compressed P50 : 0.000000 P95 : 0.000000 P99 : 0.000000 P100 : 0.000000 COUNT : 0 SUM : 0
rocksdb.bytes.decompressed P50 : 0.000000 P95 : 0.000000 P99 : 0.000000 P100 : 0.000000 COUNT : 0 SUM : 0
rocksdb.compression.times.nanos P50 : 0.000000 P95 : 0.000000 P99 : 0.000000 P100 : 0.000000 COUNT : 0 SUM : 0
rocksdb.decompression.times.nanos P50 : 0.000000 P95 : 0.000000 P99 : 0.000000 P100 : 0.000000 COUNT : 0 SUM : 0
rocksdb.read.num.merge_operands P50 : 0.000000 P95 : 0.000000 P99 : 0.000000 P100 : 0.000000 COUNT : 0 SUM : 0
rocksdb.blobdb.key.size P50 : 0.000000 P95 : 0.000000 P99 : 0.000000 P100 : 0.000000 COUNT : 0 SUM : 0
rocksdb.blobdb.value.size P50 : 0.000000 P95 : 0.000000 P99 : 0.000000 P100 : 0.000000 COUNT : 0 SUM : 0
rocksdb.blobdb.write.micros P50 : 0.000000 P95 : 0.000000 P99 : 0.000000 P100 : 0.000000 COUNT : 0 SUM : 0
rocksdb.blobdb.get.micros P50 : 0.000000 P95 : 0.000000 P99 : 0.000000 P100 : 0.000000 COUNT : 0 SUM : 0
rocksdb.blobdb.multiget.micros P50 : 0.000000 P95 : 0.000000 P99 : 0.000000 P100 : 0.000000 COUNT : 0 SUM : 0
rocksdb.blobdb.seek.micros P50 : 0.000000 P95 : 0.000000 P99 : 0.000000 P100 : 0.000000 COUNT : 0 SUM : 0
rocksdb.blobdb.next.micros P50 : 0.000000 P95 : 0.000000 P99 : 0.000000 P100 : 0.000000 COUNT : 0 SUM : 0
rocksdb.blobdb.prev.micros P50 : 0.000000 P95 : 0.000000 P99 : 0.000000 P100 : 0.000000 COUNT : 0 SUM : 0
rocksdb.blobdb.blob.file.write.micros P50 : 0.000000 P95 : 0.000000 P99 : 0.000000 P100 : 0.000000 COUNT : 0 SUM : 0
rocksdb.blobdb.blob.file.read.micros P50 : 0.000000 P95 : 0.000000 P99 : 0.000000 P100 : 0.000000 COUNT : 0 SUM : 0
rocksdb.blobdb.blob.file.sync.micros P50 : 0.000000 P95 : 0.000000 P99 : 0.000000 P100 : 0.000000 COUNT : 0 SUM : 0
rocksdb.blobdb.gc.micros P50 : 0.000000 P95 : 0.000000 P99 : 0.000000 P100 : 0.000000 COUNT : 0 SUM : 0
rocksdb.blobdb.compression.micros P50 : 0.000000 P95 : 0.000000 P99 : 0.000000 P100 : 0.000000 COUNT : 0 SUM : 0
rocksdb.blobdb.decompression.micros P50 : 0.000000 P95 : 0.000000 P99 : 0.000000 P100 : 0.000000 COUNT : 0 SUM : 0
rocksdb.db.flush.micros P50 : 0.000000 P95 : 0.000000 P99 : 0.000000 P100 : 0.000000 COUNT : 0 SUM : 0
rocksdb.sst.batch.size P50 : 0.000000 P95 : 0.000000 P99 : 0.000000 P100 : 0.000000 COUNT : 0 SUM : 0
rocksdb.num.index.and.filter.blocks.read.per.level P50 : 0.000000 P95 : 0.000000 P99 : 0.000000 P100 : 0.000000 COUNT : 0 SUM : 0
rocksdb.num.data.blocks.read.per.level P50 : 0.000000 P95 : 0.000000 P99 : 0.000000 P100 : 0.000000 COUNT : 0 SUM : 0
rocksdb.num.sst.read.per.level P50 : 0.000000 P95 : 0.000000 P99 : 0.000000 P100 : 0.000000 COUNT : 0 SUM : 0
2025/04/30-15:45:12.472123 7fa22b7fe700 [/db_impl.cc:765] ------- PERSISTING STATS -------
2025/04/30-15:45:12.472128 7fa22b7fe700 [/db_impl.cc:832] [Pre-GC] In-memory stats history size: 48 bytes, slice count: 0
2025/04/30-15:45:12.472129 7fa22b7fe700 [/db_impl.cc:841] [Post-GC] In-memory stats history size: 48 bytes, slice count: 0
2025/04/30-15:45:16.390983 7fa23affd700 [/db_impl_write.cc:1770] [default] New memtable created with log file: #3. Immutable memtables: 0.
2025/04/30-15:45:16.391017 7fa23affd700 [/db_impl_write.cc:1865] [default] Old memtable #1 data_size 64113875 entries 54565 is replaced
2025/04/30-15:45:16.391119 7fa25a360700 (Original Log Time 2025/04/30-15:45:16.391083) [/db_impl_compaction_flush.cc:2398] Calling FlushMemTableToOutputFile with column family [default], flush slots available 1, compaction slots available 1, flush slots scheduled 1, compaction slots scheduled 0
2025/04/30-15:45:16.391125 7fa25a360700 [ob.cc:344] [default] [JOB 2] Flushing memtable with next log file: 3
2025/04/30-15:45:16.391151 7fa25a360700 EVENT_LOG_v1 {"time_micros": 1746049516391143, "job": 2, "event": "flush_started", "num_memtables": 1, "num_entries": 54565, "num_deletes": 0, "total_data_size": 64113875, "memory_usage": 65050288, "flush_reason": "Write Buffer Full"}
2025/04/30-15:45:16.391154 7fa25a360700 [ob.cc:373] [default] [JOB 2] Level-0 flush table #6: started
2025/04/30-15:45:16.602780 7fa25a360700 EVENT_LOG_v1 {"time_micros": 1746049516602758, "cf_name": "default", "job": 2, "event": "table_file_creation", "file_number": 6, "file_size": 68157440, "file_checksum": "", "file_checksum_func_name": "Unknown", "table_properties": {"data_size": 63975066, "index_size": 300680, "index_partitions": 0, "top_level_index_size": 0, "index_key_is_user_key": 1, "index_value_is_delta_encoded": 1, "filter_size": 68293, "raw_key_size": 1746080, "raw_average_key_size": 32, "raw_value_size": 62204100, "raw_average_value_size": 1140, "num_data_blocks": 13642, "num_entries": 54565, "num_deletions": 0, "num_merge_operands": 0, "num_range_deletions": 0, "format_version": 0, "fixed_key_len": 0, "filter_policy": "rocksdb.BuiltinBloomFilter", "column_family_name": "default", "column_family_id": 0, "comparator": "leveldb.BytewiseComparator", "merge_operator": "nullptr", "prefix_extractor_name": "nullptr", "property_collectors": "[]", "compression": "NoCompression", "compression_options": "window_bits=-14; level=32767; strategy=0; max_dict_bytes=0; zstd_max_train_bytes=0; enabled=0; ", "creation_time": 1746049515, "oldest_key_time": 1746049515, "file_creation_time": 1746049516, "db_id": "3aefbddc-1c7d-49f8-983d-5513a2a50217", "db_session_id": "RYBSPW1H4JQ9RFCUOIBE"}}
2025/04/30-15:45:16.602803 7fa25a360700 [ob.cc:441] [default] [JOB 2] Level-0 flush table #6: 68157440 bytes OK
2025/04/30-15:45:16.613683 7fa25a360700 [_set.cc:4383] LogAndApply called
2025/04/30-15:45:16.613807 7fa25a360700 [_set.cc:4118] Creating manifest 7
2025/04/30-15:45:16.657731 7fa25a360700 (Original Log Time 2025/04/30-15:45:16.613676) [e_list.cc:485] [default] Level-0 commit table #6 started
2025/04/30-15:45:16.657733 7fa25a360700 (Original Log Time 2025/04/30-15:45:16.657576) [e_list.cc:568] [default] Level-0 commit table #6: memtable #1 done
2025/04/30-15:45:16.657734 7fa25a360700 (Original Log Time 2025/04/30-15:45:16.657660) EVENT_LOG_v1 {"time_micros": 1746049516657654, "job": 2, "event": "flush_finished", "output_compression": "NoCompression", "lsm_state": [1, 0, 0, 0, 0], "immutable_memtables": 0}
2025/04/30-15:45:16.657735 7fa25a360700 (Original Log Time 2025/04/30-15:45:16.657698) [/db_impl_compaction_flush.cc:229] [default] Level summary: files[1 0 0 0 0] max score 0.25
2025/04/30-15:45:16.657769 7fa25a360700 [DEBUG] [/db_impl_files.cc:332] [JOB 2] Delete /mnt/data/db/shard-0/db/MANIFEST-000001 type=3 #1 -- OK
2025/04/30-15:45:16.719152 7fa259b5f700 [b.cc:83] Shipped SST file /mnt/remote-sst/node-2/shard-0/1 via NVMe-oF, total count: 1
2025/04/30-15:45:16.746589 7fa259b5f700 [b.cc:83] Shipped SST file /mnt/remote-sst/node-3/shard-0/1 via NVMe-oF, total count: 2
2025/04/30-15:45:18.055381 7fa2317fa700 [/db_impl_write.cc:1770] [default] New memtable created with log file: #3. Immutable memtables: 0.
2025/04/30-15:45:18.055414 7fa2317fa700 [/db_impl_write.cc:1865] [default] Old memtable #2 data_size 64110350 entries 54562 is replaced
2025/04/30-15:45:18.055500 7fa25a360700 (Original Log Time 2025/04/30-15:45:18.055465) [/db_impl_compaction_flush.cc:2398] Calling FlushMemTableToOutputFile with column family [default], flush slots available 1, compaction slots available 1, flush slots scheduled 1, compaction slots scheduled 0
2025/04/30-15:45:18.055505 7fa25a360700 [ob.cc:344] [default] [JOB 3] Flushing memtable with next log file: 3
2025/04/30-15:45:18.055529 7fa25a360700 EVENT_LOG_v1 {"time_micros": 1746049518055523, "job": 3, "event": "flush_started", "num_memtables": 1, "num_entries": 54562, "num_deletes": 0, "total_data_size": 64110350, "memory_usage": 65022728, "flush_reason": "Write Buffer Full"}
2025/04/30-15:45:18.055531 7fa25a360700 [ob.cc:373] [default] [JOB 3] Level-0 flush table #8: started
2025/04/30-15:45:18.261136 7fa25a360700 EVENT_LOG_v1 {"time_micros": 1746049518261115, "cf_name": "default", "job": 3, "event": "table_file_creation", "file_number": 8, "file_size": 68157440, "file_checksum": "", "file_checksum_func_name": "Unknown", "table_properties": {"data_size": 63970841, "index_size": 300682, "index_partitions": 0, "top_level_index_size": 0, "index_key_is_user_key": 1, "index_value_is_delta_encoded": 1, "filter_size": 68293, "raw_key_size": 1745984, "raw_average_key_size": 32, "raw_value_size": 62200680, "raw_average_value_size": 1140, "num_data_blocks": 13641, "num_entries": 54562, "num_deletions": 0, "num_merge_operands": 0, "num_range_deletions": 0, "format_version": 0, "fixed_key_len": 0, "filter_policy": "rocksdb.BuiltinBloomFilter", "column_family_name": "default", "column_family_id": 0, "comparator": "leveldb.BytewiseComparator", "merge_operator": "nullptr", "prefix_extractor_name": "nullptr", "property_collectors": "[]", "compression": "NoCompression", "compression_options": "window_bits=-14; level=32767; strategy=0; max_dict_bytes=0; zstd_max_train_bytes=0; enabled=0; ", "creation_time": 1746049516, "oldest_key_time": 1746049516, "file_creation_time": 1746049518, "db_id": "3aefbddc-1c7d-49f8-983d-5513a2a50217", "db_session_id": "RYBSPW1H4JQ9RFCUOIBE"}}
2025/04/30-15:45:18.261158 7fa25a360700 [ob.cc:441] [default] [JOB 3] Level-0 flush table #8: 68157440 bytes OK
2025/04/30-15:45:18.261236 7fa25a360700 [_set.cc:4383] LogAndApply called
2025/04/30-15:45:18.261619 7fa25a360700 (Original Log Time 2025/04/30-15:45:18.261229) [e_list.cc:485] [default] Level-0 commit table #8 started
2025/04/30-15:45:18.261621 7fa25a360700 (Original Log Time 2025/04/30-15:45:18.261478) [e_list.cc:568] [default] Level-0 commit table #8: memtable #1 done
2025/04/30-15:45:18.261623 7fa25a360700 (Original Log Time 2025/04/30-15:45:18.261554) EVENT_LOG_v1 {"time_micros": 1746049518261549, "job": 3, "event": "flush_finished", "output_compression": "NoCompression", "lsm_state": [2, 0, 0, 0, 0], "immutable_memtables": 0}
2025/04/30-15:45:18.261624 7fa25a360700 (Original Log Time 2025/04/30-15:45:18.261590) [/db_impl_compaction_flush.cc:229] [default] Level summary: files[2 0 0 0 0] max score 0.51
2025/04/30-15:45:18.292424 7fa25935e700 [b.cc:83] Shipped SST file /mnt/remote-sst/node-2/shard-0/2 via NVMe-oF, total count: 3
2025/04/30-15:45:18.319611 7fa25935e700 [b.cc:83] Shipped SST file /mnt/remote-sst/node-3/shard-0/2 via NVMe-oF, total count: 4
2025/04/30-15:45:19.653852 7fa23affd700 [/db_impl_write.cc:1770] [default] New memtable created with log file: #3. Immutable memtables: 0.
2025/04/30-15:45:19.653886 7fa23affd700 [/db_impl_write.cc:1865] [default] Old memtable #3 data_size 64110350 entries 54562 is replaced
2025/04/30-15:45:19.653987 7fa25a360700 (Original Log Time 2025/04/30-15:45:19.653949) [/db_impl_compaction_flush.cc:2398] Calling FlushMemTableToOutputFile with column family [default], flush slots available 1, compaction slots available 1, flush slots scheduled 1, compaction slots scheduled 0
2025/04/30-15:45:19.653992 7fa25a360700 [ob.cc:344] [default] [JOB 4] Flushing memtable with next log file: 3
